0.31852	-0.00729518	0.843166	0.00913126	-0.999957	-0.00137964	-0.019474	0.00120161	-0.99981	0.999769	0.00915639	-0.0194622	
0.31886	-0.0100085	0.842526	0.00601776	-0.999982	-2.3846e-05	-0.0170821	-7.8955e-05	-0.999854	0.999836	0.00601729	-0.0170823	
0.319114	-0.0122464	0.841605	0.00349814	-0.999994	-7.04053e-06	-0.0152299	-4.62368e-05	-0.999884	0.999878	0.00349784	-0.0152299	
0.319368	-0.0144628	0.840603	0.00093031	-1	1.40796e-05	-0.0132325	-2.63887e-05	-0.999912	0.999912	0.000930042	-0.0132325	
0.319622	-0.0166653	0.839528	-0.00166778	-0.999999	3.00473e-05	-0.0110864	-1.15559e-05	-0.999939	0.999937	-0.00166801	-0.0110863	
0.319877	-0.0188639	0.838381	-0.00427583	-0.999991	4.00761e-05	-0.00879271	-2.47853e-06	-0.999961	0.999952	-0.00427601	-0.00879262	
0.320133	-0.0210691	0.837163	-0.00687294	-0.999976	4.35069e-05	-0.00635759	1.89363e-07	-0.99998	0.999956	-0.00687308	-0.00635745	
0.320391	-0.0232911	0.835881	-0.00943834	-0.999955	3.98318e-05	-0.00379265	-4.03535e-06	-0.999993	0.999948	-0.00943842	-0.00379244	
0.320649	-0.0255398	0.834544	-0.0119521	-0.999929	2.87435e-05	-0.00111535	-1.54138e-05	-0.999999	0.999928	-0.0119521	-0.00111508	
0.320907	-0.0278243	0.833164	-0.0143959	-0.999896	1.01743e-05	0.00165106	-3.39464e-05	-0.999999	0.999895	-0.0143959	0.00165138	
0.321165	-0.0301524	0.831754	-0.0167536	-0.99986	-1.56799e-05	0.00447819	-5.93545e-05	-0.99999	0.99985	-0.0167535	0.00447855	
0.321422	-0.0325308	0.830331	-0.0190117	-0.999819	-4.83562e-05	0.00733361	-9.10861e-05	-0.999973	0.999792	-0.0190116	0.00733401	
0.321676	-0.0349648	0.828913	-0.0211595	-0.999776	-8.71421e-05	0.0101824	-0.000128346	-0.999948	0.999724	-0.0211593	0.0101828	
0.321928	-0.0374581	0.827516	-0.0231892	-0.999731	-0.000131114	0.012989	-0.000170148	-0.999916	0.999647	-0.0231889	0.0129895	
0.322176	-0.040013	0.826158	-0.0250957	-0.999685	-0.00017919	0.0157191	-0.000215382	-0.999876	0.999561	-0.0250954	0.0157195	
0.322418	-0.042631	0.824854	-0.0268764	-0.999639	-0.000230198	0.0183414	-0.000262887	-0.999832	0.99947	-0.0268761	0.0183418	
0.322654	-0.0453121	0.823618	-0.0285309	-0.999593	-0.00028294	0.0208291	-0.00031152	-0.999783	0.999376	-0.0285306	0.0208295	
0.322882	-0.0480557	0.82246	-0.0300601	-0.999548	-0.000336258	0.0231611	-0.00036022	-0.999732	0.99928	-0.0300598	0.0231615	
0.323103	-0.0508605	0.821388	-0.0314667	-0.999505	-0.000389086	0.0253222	-0.000408047	-0.999679	0.999184	-0.0314664	0.0253225	
0.323315	-0.0537248	0.820406	-0.0327541	-0.999463	-0.000440493	0.0273034	-0.000454212	-0.999627	0.99909	-0.0327539	0.0273036	
0.323518	-0.0566463	0.819515	-0.0339266	-0.999424	-0.000489704	0.0291011	-0.000498092	-0.999576	0.999001	-0.0339265	0.0291012	
0.323711	-0.0596227	0.818715	-0.0349891	-0.999388	-0.000536118	0.0307169	-0.000539221	-0.999528	0.998916	-0.034989	0.0307169	
0.323895	-0.0626514	0.818003	-0.0359466	-0.999354	-0.000579296	0.0321562	-0.000577282	-0.999483	0.998836	-0.0359467	0.0321561	
0.324069	-0.0657295	0.817375	-0.0368047	-0.999322	-0.000618958	0.0334274	-0.000612088	-0.999441	0.998763	-0.0368048	0.0334272	
0.324234	-0.0688544	0.816825	-0.0375689	-0.999294	-0.000654957	0.034541	-0.000643559	-0.999403	0.998697	-0.0375691	0.0345408	
0.324391	-0.0720231	0.816347	-0.0382449	-0.999268	-0.000687258	0.0355089	-0.000671703	-0.999369	0.998637	-0.0382452	0.0355086	
0.324538	-0.0752328	0.815936	-0.0388383	-0.999245	-0.000715917	0.0363434	-0.000696595	-0.999339	0.998584	-0.0388386	0.036343	
0.324678	-0.0784808	0.815585	-0.0393546	-0.999225	-0.000741057	0.0370566	-0.000718357	-0.999313	0.998538	-0.039355	0.0370562	
0.324809	-0.0817644	0.815289	-0.0397994	-0.999207	-0.000762848	0.0376606	-0.000737145	-0.99929	0.998498	-0.0397998	0.0376601	
0.324934	-0.0850808	0.815041	-0.0401778	-0.999192	-0.00078149	0.0381666	-0.000753139	-0.999271	0.998463	-0.0401783	0.038166	
0.325051	-0.0884275	0.814836	-0.040495	-0.999179	-0.0007972	0.0385851	-0.000766526	-0.999255	0.998434	-0.0404956	0.0385845	
0.325162	-0.0918022	0.81467	-0.0407558	-0.999169	-0.000810205	0.0389257	-0.000777503	-0.999242	0.998411	-0.0407564	0.0389251	
0.325267	-0.0952025	0.814539	-0.0409648	-0.99916	-0.000820728	0.0391971	-0.000786263	-0.999231	0.998391	-0.0409655	0.0391964	
0.325367	-0.0986263	0.814438	-0.0411264	-0.999154	-0.000828988	0.039407	-0.000792994	-0.999223	0.998377	-0.0411271	0.0394063	
0.325461	-0.102071	0.814364	-0.0412446	-0.999149	-0.000835194	0.0395625	-0.000797879	-0.999217	0.998366	-0.0412453	0.0395617	
0.32555	-0.105536	0.814313	-0.0413233	-0.999145	-0.000839543	0.0396698	-0.000801089	-0.999213	0.998358	-0.0413241	0.039669	
0.325634	-0.109018	0.814284	-0.0413661	-0.999144	-0.00084222	0.0397344	-0.000802789	-0.99921	0.998354	-0.0413669	0.0397336	
0.325714	-0.112517	0.814274	-0.0413763	-0.999143	-0.000843395	0.0397612	-0.000803131	-0.999209	0.998352	-0.0413771	0.0397604	
0.32579	-0.11603	0.81428	-0.041357	-0.999144	-0.000843229	0.0397547	-0.000802256	-0.999209	0.998353	-0.0413578	0.0397538	
0.325861	-0.119556	0.8143	-0.041311	-0.999146	-0.000841866	0.0397186	-0.000800297	-0.999211	0.998357	-0.0413118	0.0397177	
0.325929	-0.123094	0.814334	-0.0412411	-0.999149	-0.000839441	0.0396565	-0.000797375	-0.999213	0.998362	-0.0412419	0.0396556	
0.325994	-0.126642	0.814379	-0.0411496	-0.999153	-0.000836076	0.0395715	-0.000793603	-0.999216	0.998369	-0.0411505	0.0395706	
0.326055	-0.1302	0.814433	-0.041039	-0.999157	-0.000831884	0.0394663	-0.000789084	-0.999221	0.998378	-0.0410398	0.0394654	
0.326113	-0.133766	0.814497	-0.0409112	-0.999162	-0.000826967	0.0393434	-0.000783913	-0.999225	0.998388	-0.040912	0.0393425	
0.326168	-0.137339	0.814567	-0.0407682	-0.999168	-0.000821419	0.039205	-0.000778177	-0.999231	0.998399	-0.040769	0.0392041	
0.326221	-0.140919	0.814645	-0.0406118	-0.999175	-0.000815326	0.0390532	-0.000771956	-0.999237	0.998412	-0.0406127	0.0390523	
0.32627	-0.144505	0.814728	-0.0404438	-0.999181	-0.000808765	0.0388898	-0.000765322	-0.999243	0.998425	-0.0404446	0.0388889	
0.326317	-0.148095	0.814816	-0.0402655	-0.999189	-0.000801807	0.0387163	-0.000758342	-0.99925	0.998439	-0.0402663	0.0387155	
0.326362	-0.15169	0.814908	-0.0400784	-0.999196	-0.000794518	0.0385344	-0.000751076	-0.999257	0.998453	-0.0400793	0.0385336	
0.326405	-0.155289	0.815004	-0.0398839	-0.999204	-0.000786956	0.0383454	-0.00074358	-0.999264	0.998468	-0.0398847	0.0383445	
0.326445	-0.15889	0.815102	-0.0396831	-0.999212	-0.000779175	0.0381505	-0.000735904	-0.999272	0.998484	-0.0396839	0.0381496	
0.326484	-0.162494	0.815203	-0.0394772	-0.99922	-0.000771223	0.0379508	-0.000728092	-0.999279	0.9985	-0.039478	0.03795	
0.326521	-0.1661	0.815306	-0.0392671	-0.999228	-0.000763144	0.0377474	-0.000720186	-0.999287	0.998516	-0.0392679	0.0377466	
0.326556	-0.169707	0.815409	-0.0390538	-0.999237	-0.000754979	0.0375412	-0.000712223	-0.999295	0.998532	-0.0390546	0.0375404	
0.326589	-0.173316	0.815514	-0.0388381	-0.999245	-0.000746762	0.0373331	-0.000704236	-0.999303	0.998548	-0.0388389	0.0373322	
0.326621	-0.176925	0.815619	-0.038621	-0.999254	-0.000738528	0.0371237	-0.000696256	-0.99931	0.998564	-0.0386218	0.0371229	
0.326651	-0.180534	0.815725	-0.038403	-0.999262	-0.000730304	0.036914	-0.000688309	-0.999318	0.99858	-0.0384038	0.0369132	
0.32668	-0.184144	0.81583	-0.0381849	-0.99927	-0.000722118	0.0367044	-0.000680418	-0.999326	0.998596	-0.0381856	0.0367036	
0.326708	-0.187753	0.815935	-0.0379672	-0.999279	-0.000713992	0.0364957	-0.000672606	-0.999334	0.998612	-0.0379679	0.0364949	
0.326735	-0.191361	0.816039	-0.0377505	-0.999287	-0.000705948	0.0362882	-0.000664891	-0.999341	0.998628	-0.0377513	0.0362874	
0.32676	-0.194969	0.816142	-0.0375354	-0.999295	-0.000698003	0.0360826	-0.00065729	-0.999349	0.998644	-0.0375362	0.0360818	
0.326785	-0.198576	0.816244	-0.0373223	-0.999303	-0.000690175	0.0358792	-0.000649817	-0.999356	0.998659	-0.037323	0.0358785	
0.326809	-0.202181	0.816344	-0.0371116	-0.999311	-0.000682478	0.0356785	-0.000642486	-0.999363	0.998674	-0.0371123	0.0356777	
0.326832	-0.205785	0.816443	-0.0369037	-0.999319	-0.000674924	0.0354808	-0.000635306	-0.99937	0.998689	-0.0369044	0.03548	
0.326854	-0.209388	0.816541	-0.0366989	-0.999326	-0.000667524	0.0352864	-0.000628289	-0.999377	0.998703	-0.0366996	0.0352857	
0.326875	-0.212988	0.816636	-0.0364976	-0.999334	-0.000660288	0.0350956	-0.00062144	-0.999384	0.998717	-0.0364983	0.0350949	
0.326896	-0.216587	0.81673	-0.0363	-0.999341	-0.000653224	0.0349088	-0.000614769	-0.99939	0.998731	-0.0363007	0.0349081	
0.326916	-0.220184	0.816821	-0.0361064	-0.999348	-0.000646338	0.034726	-0.000608279	-0.999397	0.998744	-0.0361071	0.0347253	
0.326936	-0.223778	0.816911	-0.035917	-0.999355	-0.000639637	0.0345475	-0.000601976	-0.999403	0.998757	-0.0359176	0.0345468	
0.326955	-0.227371	0.816998	-0.0357319	-0.999361	-0.000633124	0.0343735	-0.000595863	-0.999409	0.99877	-0.0357325	0.0343729	
0.326974	-0.230961	0.817082	-0.0355514	-0.999368	-0.000626804	0.0342042	-0.000589942	-0.999415	0.998782	-0.035552	0.0342035	
0.326993	-0.234548	0.817165	-0.0353756	-0.999374	-0.00062068	0.0340396	-0.000584217	-0.99942	0.998794	-0.0353762	0.034039	
0.327011	-0.238134	0.817245	-0.0352046	-0.99938	-0.000614753	0.0338799	-0.000578688	-0.999426	0.998806	-0.0352052	0.0338793	
0.327029	-0.241717	0.817322	-0.0350385	-0.999386	-0.000609025	0.0337252	-0.000573355	-0.999431	0.998817	-0.0350391	0.0337246	
0.327046	-0.245297	0.817397	-0.0348775	-0.999391	-0.000603497	0.0335756	-0.00056822	-0.999436	0.998827	-0.0348781	0.0335749	
0.327064	-0.248875	0.817469	-0.0347215	-0.999397	-0.000598169	0.033431	-0.000563281	-0.999441	0.998838	-0.0347221	0.0334304	
0.327081	-0.25245	0.817539	-0.0345707	-0.999402	-0.000593041	0.0332916	-0.000558538	-0.999446	0.998848	-0.0345713	0.033291	
0.327098	-0.256023	0.817606	-0.0344251	-0.999407	-0.000588112	0.0331574	-0.000553989	-0.99945	0.998857	-0.0344257	0.0331568	
0.327115	-0.259593	0.817671	-0.0342848	-0.999412	-0.000583382	0.0330285	-0.000549634	-0.999454	0.998866	-0.0342853	0.0330279	
0.327132	-0.26316	0.817733	-0.0341497	-0.999417	-0.000578848	0.0329047	-0.00054547	-0.999458	0.998875	-0.0341502	0.0329042	
0.327149	-0.266725	0.817792	-0.0340199	-0.999421	-0.00057451	0.0327862	-0.000541496	-0.999462	0.998883	-0.0340204	0.0327857	
0.327167	-0.270287	0.817849	-0.0338953	-0.999425	-0.000570366	0.032673	-0.000537709	-0.999466	0.998891	-0.0338958	0.0326724	
0.327184	-0.273847	0.817904	-0.033776	-0.999429	-0.000566413	0.032565	-0.000534108	-0.999469	0.998899	-0.0337766	0.0325644	
0.327201	-0.277404	0.817955	-0.033662	-0.999433	-0.000562649	0.0324621	-0.000530688	-0.999473	0.998906	-0.0336625	0.0324616	
0.327218	-0.280958	0.818004	-0.0335532	-0.999437	-0.000559073	0.0323645	-0.000527449	-0.999476	0.998913	-0.0335537	0.0323639	
0.327235	-0.28451	0.818051	-0.0334496	-0.99944	-0.000555681	0.0322719	-0.000524387	-0.999479	0.998919	-0.0334501	0.0322714	
0.327253	-0.288059	0.818095	-0.0333512	-0.999444	-0.000552471	0.0321845	-0.0005215	-0.999482	0.998925	-0.0333517	0.032184	
0.327271	-0.291606	0.818136	-0.033258	-0.999447	-0.00054944	0.0321022	-0.000518784	-0.999484	0.998931	-0.0332585	0.0321017	
0.327288	-0.29515	0.818175	-0.0331698	-0.99945	-0.000546586	0.0320248	-0.000516237	-0.999487	0.998937	-0.0331703	0.0320243	
0.327306	-0.298692	0.818212	-0.0330867	-0.999452	-0.000543905	0.0319525	-0.000513856	-0.999489	0.998942	-0.0330872	0.031952	
0.327325	-0.302231	0.818246	-0.0330086	-0.999455	-0.000541396	0.031885	-0.000511639	-0.999491	0.998946	-0.0330091	0.0318845	
0.327343	-0.305768	0.818278	-0.0329355	-0.999457	-0.000539055	0.0318224	-0.000509581	-0.999493	0.998951	-0.032936	0.0318219	
0.327362	-0.309302	0.818307	-0.0328673	-0.99946	-0.000536879	0.0317646	-0.000507681	-0.999495	0.998955	-0.0328678	0.0317641	
0.327381	-0.312834	0.818334	-0.0328039	-0.999462	-0.000534866	0.0317115	-0.000505936	-0.999497	0.998959	-0.0328044	0.031711	
0.3274	-0.316364	0.818359	-0.0327453	-0.999464	-0.000533013	0.0316631	-0.000504343	-0.999498	0.998962	-0.0327458	0.0316626	
0.327419	-0.319891	0.818381	-0.0326915	-0.999465	-0.000531317	0.0316193	-0.000502898	-0.9995	0.998965	-0.0326919	0.0316188	
0.327439	-0.323416	0.818401	-0.0326423	-0.999467	-0.000529776	0.03158	-0.000501601	-0.999501	0.998968	-0.0326428	0.0315796	
0.327459	-0.326938	0.818419	-0.0325978	-0.999468	-0.000528387	0.0315452	-0.000500447	-0.999502	0.998971	-0.0325982	0.0315448	
0.32748	-0.330459	0.818435	-0.0325577	-0.99947	-0.000527147	0.0315149	-0.000499434	-0.999503	0.998973	-0.0325582	0.0315144	
0.327501	-0.333977	0.818449	-0.0325222	-0.999471	-0.000526054	0.0314889	-0.00049856	-0.999504	0.998975	-0.0325227	0.0314885	
0.327643	-0.333902	0.818258	-0.0329917	-0.999411	0.00947649	0.0316203	-0.0105206	-0.999445	0.998955	-0.0326737	0.0319488	
0.327788	-0.333849	0.818022	-0.0334302	-0.999252	0.0194611	0.0317724	-0.0205247	-0.999284	0.998936	-0.0327879	0.0324348	
0.327935	-0.333815	0.817777	-0.03384	-0.998993	0.0294435	0.0319404	-0.0305264	-0.999023	0.998917	-0.0328665	0.0329413	
0.328083	-0.333798	0.817523	-0.0342242	-0.998636	0.0394228	0.0321212	-0.0405247	-0.998662	0.998898	-0.0329121	0.0334643	
0.328234	-0.333795	0.817264	-0.0345857	-0.99818	0.049398	0.032312	-0.0505185	-0.9982	0.998879	-0.0329273	0.0340004	
0.328387	-0.333807	0.816999	-0.0349266	-0.997625	0.059368	0.0325102	-0.060507	-0.997638	0.998861	-0.032914	0.0345463	
0.328541	-0.333831	0.816732	-0.0352491	-0.996971	0.0693321	0.0327138	-0.0704891	-0.996976	0.998843	-0.0328743	0.0350994	
0.328697	-0.333868	0.816462	-0.0355548	-0.996217	0.0792891	0.0329209	-0.0804637	-0.996214	0.998825	-0.0328099	0.0356573	
0.328854	-0.333916	0.816191	-0.0358452	-0.995365	0.0892381	0.0331298	-0.09043	-0.995352	0.998808	-0.0327221	0.0362178	
0.329012	-0.333975	0.815921	-0.0361215	-0.994414	0.0991782	0.0333392	-0.100387	-0.99439	0.998791	-0.0326124	0.0367791	
0.329172	-0.334044	0.81565	-0.036385	-0.993364	0.109108	0.0335477	-0.110333	-0.993328	0.998775	-0.0324819	0.0373396	
0.329334	-0.334123	0.815382	-0.0366363	-0.992215	0.119028	0.0337545	-0.120268	-0.992167	0.998758	-0.0323316	0.0378979	
0.329496	-0.334211	0.815115	-0.0368763	-0.990967	0.128935	0.0339585	-0.130191	-0.990907	0.998743	-0.0321626	0.0384527	
0.329659	-0.334308	0.81485	-0.0371056	-0.989621	0.13883	0.0341589	-0.1401	-0.989548	0.998727	-0.0319755	0.0390029	
0.329824	-0.334413	0.814589	-0.0373248	-0.988176	0.14871	0.0343552	-0.149995	-0.98809	0.998712	-0.0317713	0.0395475	
0.32999	-0.334527	0.814331	-0.0375343	-0.986633	0.158576	0.0345467	-0.159874	-0.986533	0.998698	-0.0315505	0.0400857	
0.330156	-0.334648	0.814076	-0.0377345	-0.984992	0.168427	0.034733	-0.169738	-0.984877	0.998684	-0.0313139	0.0406166	
0.330323	-0.334777	0.813826	-0.0379256	-0.983252	0.17826	0.0349135	-0.179583	-0.983123	0.99867	-0.0310618	0.0411396	
0.330491	-0.334913	0.813581	-0.0381079	-0.981415	0.188076	0.0350881	-0.189411	-0.981271	0.998657	-0.030795	0.041654	
0.33066	-0.335056	0.81334	-0.0382817	-0.97948	0.197873	0.0352563	-0.199219	-0.979321	0.998645	-0.0305138	0.0421592	
0.330829	-0.335205	0.813104	-0.0384471	-0.977447	0.207651	0.0354178	-0.209007	-0.977273	0.998633	-0.0302187	0.0426548	
0.330999	-0.335362	0.812873	-0.0386042	-0.975317	0.217408	0.0355726	-0.218774	-0.975127	0.998621	-0.0299102	0.0431401	
0.331169	-0.335524	0.812647	-0.0387531	-0.97309	0.227144	0.0357203	-0.228518	-0.972884	0.99861	-0.0295886	0.0436148	
0.33134	-0.335693	0.812428	-0.0388939	-0.970766	0.236857	0.0358608	-0.238239	-0.970544	0.9986	-0.0292544	0.0440785	
0.331511	-0.335867	0.812214	-0.0390267	-0.968345	0.246546	0.035994	-0.247936	-0.968107	0.99859	-0.0289079	0.0445307	
0.331682	-0.336048	0.812005	-0.0391515	-0.965828	0.256211	0.0361196	-0.257608	-0.965574	0.99858	-0.0285494	0.0449711	
0.331853	-0.336233	0.811804	-0.0392684	-0.963214	0.265851	0.0362377	-0.267254	-0.962944	0.998571	-0.0281794	0.0453994	
0.332025	-0.336425	0.811608	-0.0393774	-0.960504	0.275465	0.0363482	-0.276873	-0.960219	0.998563	-0.0277983	0.0458151	
0.332196	-0.336621	0.811419	-0.0394784	-0.957699	0.285051	0.0364508	-0.286464	-0.957397	0.998555	-0.0274062	0.0462181	
0.332367	-0.336822	0.811236	-0.0395716	-0.954798	0.294609	0.0365457	-0.296026	-0.954481	0.998548	-0.0270036	0.046608	
0.332538	-0.337029	0.81106	-0.0396569	-0.951802	0.304138	0.0366326	-0.305558	-0.951469	0.998542	-0.0265909	0.0469844	
0.332709	-0.33724	0.810891	-0.0397342	-0.948711	0.313637	0.0367115	-0.315059	-0.948362	0.998536	-0.0261683	0.0473473	
0.332879	-0.337455	0.810729	-0.0398036	-0.945526	0.323105	0.0367825	-0.324529	-0.94516	0.99853	-0.0257362	0.0476962	
0.333049	-0.337675	0.810573	-0.0398651	-0.942246	0.332541	0.0368453	-0.333965	-0.941865	0.998526	-0.025295	0.0480309	
0.333219	-0.337899	0.810425	-0.0399187	-0.938872	0.341944	0.0369001	-0.343368	-0.938476	0.998521	-0.0248449	0.0483512	
0.333388	-0.338126	0.810284	-0.0399642	-0.935405	0.351313	0.0369466	-0.352737	-0.934993	0.998518	-0.0243864	0.0486569	
0.333556	-0.338358	0.810151	-0.0400018	-0.931844	0.360647	0.0369849	-0.36207	-0.931417	0.998515	-0.0239198	0.0489476	
0.333724	-0.338593	0.810025	-0.0400313	-0.92819	0.369946	0.037015	-0.371366	-0.927748	0.998513	-0.0234454	0.0492232	
0.33389	-0.338832	0.809907	-0.0400527	-0.924444	0.379208	0.0370367	-0.380625	-0.923987	0.998511	-0.0229636	0.0494834	
0.334056	-0.339074	0.809796	-0.0400661	-0.920606	0.388433	0.0370501	-0.389846	-0.920134	0.99851	-0.0224747	0.0497281	
0.334221	-0.339319	0.809693	-0.0400712	-0.916675	0.397619	0.037055	-0.399028	-0.91619	0.998509	-0.0219791	0.049957	
0.334384	-0.339567	0.809598	-0.0400683	-0.912653	0.406766	0.0370515	-0.40817	-0.912154	0.99851	-0.0214771	0.0501698	
0.334547	-0.339818	0.80951	-0.040057	-0.90854	0.415872	0.0370395	-0.41727	-0.908027	0.998511	-0.0209692	0.0503665	
0.334708	-0.340071	0.809431	-0.0400376	-0.904337	0.424938	0.0370189	-0.426329	-0.90381	0.998512	-0.0204556	0.0505467	
0.334868	-0.340327	0.80936	-0.0400098	-0.900043	0.433961	0.0369897	-0.435345	-0.899503	0.998514	-0.0199368	0.0507104	
0.335026	-0.340584	0.809297	-0.0399736	-0.895659	0.442942	0.0369518	-0.444318	-0.895107	0.998517	-0.0194131	0.0508572	
0.335183	-0.340844	0.809242	-0.039929	-0.891186	0.451878	0.0369052	-0.453246	-0.890621	0.998521	-0.0188849	0.050987	
0.335338	-0.341106	0.809196	-0.0398759	-0.886623	0.46077	0.0368498	-0.462128	-0.886047	0.998525	-0.0183526	0.0510997	
0.335491	-0.341369	0.809158	-0.0398142	-0.881972	0.469616	0.0367856	-0.470964	-0.881385	0.99853	-0.0178166	0.0511949	
0.335643	-0.341634	0.809129	-0.039744	-0.877234	0.478416	0.0367124	-0.479753	-0.876635	0.998535	-0.0172772	0.0512726	
0.335793	-0.3419	0.809108	-0.039665	-0.872407	0.487168	0.0366302	-0.488494	-0.871798	0.998541	-0.0167348	0.0513325	
0.33594	-0.342166	0.809096	-0.0395773	-0.867493	0.495872	0.0365389	-0.497186	-0.866874	0.998548	-0.0161899	0.0513745	
0.336086	-0.342434	0.809092	-0.0394808	-0.862493	0.504527	0.0364385	-0.505828	-0.861864	0.998556	-0.0156428	0.0513984	
0.33623	-0.342703	0.809097	-0.0393753	-0.857406	0.513133	0.0363288	-0.51442	-0.856769	0.998564	-0.015094	0.051404	
0.336371	-0.342971	0.809112	-0.0392608	-0.852233	0.521687	0.0362098	-0.52296	-0.851588	0.998573	-0.0145439	0.0513911	
0.33651	-0.343241	0.809135	-0.0391373	-0.846976	0.530189	0.0360814	-0.531448	-0.846322	0.998582	-0.0139928	0.0513595	
0.336646	-0.34351	0.809167	-0.0390046	-0.841633	0.538639	0.0359434	-0.539882	-0.840973	0.998592	-0.0134412	0.0513091	
0.33678	-0.343779	0.809208	-0.0388625	-0.836207	0.547036	0.0357959	-0.548263	-0.835539	0.998603	-0.0128896	0.0512396	
0.336911	-0.344047	0.809259	-0.0387111	-0.830696	0.555378	0.0356386	-0.556589	-0.830023	0.998615	-0.0123382	0.051151	
0.33704	-0.344315	0.809318	-0.0385502	-0.825103	0.563666	0.0354714	-0.56486	-0.824424	0.998627	-0.0117877	0.051043	
0.337165	-0.344583	0.809387	-0.0383797	-0.819427	0.571897	0.0352943	-0.573074	-0.818744	0.99864	-0.0112384	0.0509155	
0.337288	-0.344849	0.809465	-0.0381995	-0.813669	0.580072	0.0351071	-0.58123	-0.812981	0.998653	-0.0106908	0.0507682	
0.337408	-0.345114	0.809553	-0.0380093	-0.807829	0.58819	0.0349097	-0.589329	-0.807138	0.998667	-0.0101453	0.0506011	
0.337524	-0.345378	0.809651	-0.0378092	-0.801909	0.596249	0.0347019	-0.597369	-0.801215	0.998682	-0.00960237	0.0504139	
0.337637	-0.34564	0.809758	-0.037599	-0.795908	0.604249	0.0344837	-0.605349	-0.795213	0.998698	-0.00906251	0.0502064	
0.337747	-0.3459	0.809874	-0.0373785	-0.789828	0.612189	0.0342547	-0.613269	-0.789131	0.998714	-0.00852618	0.0499784	
0.337854	-0.346158	0.810001	-0.0371476	-0.783668	0.620068	0.034015	-0.621128	-0.78297	0.998731	-0.00799386	0.0497299	
0.337957	-0.346413	0.810137	-0.0369061	-0.77743	0.627886	0.0337644	-0.628925	-0.776732	0.998748	-0.00746604	0.0494606	
0.338057	-0.346666	0.810283	-0.0366539	-0.771114	0.635641	0.0335026	-0.636659	-0.770417	0.998766	-0.00694321	0.0491703	
0.338152	-0.346917	0.810439	-0.0363908	-0.764721	0.643333	0.0332295	-0.64433	-0.764025	0.998785	-0.00642587	0.0488589	
0.338244	-0.347164	0.810605	-0.0361166	-0.758251	0.650962	0.0329449	-0.651936	-0.757558	0.998804	-0.00591455	0.0485262	
0.338333	-0.347408	0.810782	-0.0358312	-0.751705	0.658526	0.0326486	-0.659478	-0.751015	0.998824	-0.00540977	0.048172	
0.338417	-0.347648	0.810968	-0.0355343	-0.745083	0.666024	0.0323405	-0.666954	-0.744397	0.998845	-0.00491205	0.0477961	
0.338497	-0.347885	0.811165	-0.0352257	-0.738387	0.673457	0.0320203	-0.674363	-0.737705	0.998866	-0.00442193	0.0473983	
0.338573	-0.348118	0.811372	-0.0349054	-0.731616	0.680822	0.0316878	-0.681705	-0.730941	0.998888	-0.00393997	0.0469785	
0.338644	-0.348346	0.81159	-0.034573	-0.724773	0.68812	0.0313429	-0.688979	-0.724103	0.998911	-0.00346672	0.0465365	
0.338712	-0.348569	0.811818	-0.0342283	-0.717856	0.69535	0.0309852	-0.696185	-0.717193	0.998934	-0.00300276	0.0460721	
0.338774	-0.348788	0.812057	-0.0338711	-0.710867	0.70251	0.0306146	-0.703321	-0.710212	0.998957	-0.00254867	0.0455852	
0.338833	-0.349002	0.812306	-0.0335013	-0.703807	0.709601	0.0302308	-0.710388	-0.703161	0.998981	-0.00210504	0.0450755	
0.338886	-0.34921	0.812567	-0.0331185	-0.696677	0.716621	0.0298335	-0.717383	-0.696039	0.999006	-0.00167248	0.044543	
0.338935	-0.349413	0.812838	-0.0327225	-0.689476	0.723569	0.0294226	-0.724308	-0.688849	0.999031	-0.0012516	0.0439873	
0.33898	-0.349609	0.81312	-0.0323131	-0.682206	0.730446	0.0289977	-0.73116	-0.68159	0.999057	-0.000843028	0.0434084	
0.339019	-0.349799	0.813413	-0.03189	-0.674867	0.73725	0.0285586	-0.737939	-0.674263	0.999083	-0.000447411	0.0428062	
0.339053	-0.349983	0.813717	-0.031453	-0.66746	0.743981	0.028105	-0.744645	-0.666868	0.99911	-6.53993e-05	0.0421803	
0.339083	-0.35016	0.814032	-0.0310017	-0.659987	0.750637	0.0276367	-0.751277	-0.659408	0.999137	0.000302341	0.0415307	
0.339107	-0.350329	0.814359	-0.030536	-0.652447	0.757219	0.0271533	-0.757834	-0.651882	0.999165	0.000655129	0.0408573	
0.339126	-0.350491	0.814697	-0.0300555	-0.644841	0.763726	0.0266545	-0.764316	-0.644291	0.999193	0.000992273	0.0401598	
0.33914	-0.350645	0.815046	-0.02956	-0.63717	0.770156	0.0261401	-0.770722	-0.636635	0.999221	0.00131307	0.0394382	
0.339148	-0.35079	0.815406	-0.0290491	-0.629436	0.776509	0.0256098	-0.777051	-0.628917	0.99925	0.00161679	0.0386923	
0.339152	-0.350928	0.815779	-0.0285226	-0.621638	0.782785	0.0250632	-0.783303	-0.621135	0.999279	0.0019027	0.0379221	
0.339149	-0.351056	0.816162	-0.0279802	-0.613777	0.788983	0.0245	-0.789476	-0.613292	0.999308	0.00217007	0.0371272	
0.339142	-0.351175	0.816558	-0.0274216	-0.605855	0.795103	0.0239199	-0.795572	-0.605387	0.999338	0.00241812	0.0363078	
0.339129	-0.351284	0.816965	-0.0268464	-0.597871	0.801143	0.0233226	-0.801588	-0.597422	0.999367	0.00264608	0.0354637	
0.33911	-0.351383	0.817383	-0.0262544	-0.589827	0.807102	0.0227077	-0.807524	-0.589397	0.999397	0.00285317	0.0345947	
0.339086	-0.351472	0.817814	-0.0256453	-0.581724	0.812982	0.022075	-0.81338	-0.581313	0.999427	0.00303858	0.033701	
0.339056	-0.351549	0.818256	-0.0250188	-0.573563	0.81878	0.021424	-0.819155	-0.573171	0.999457	0.0032015	0.0327823	
0.339021	-0.351616	0.81871	-0.0243745	-0.565343	0.824496	0.0207545	-0.824849	-0.564972	0.999487	0.00334109	0.0318388	
0.33898	-0.351671	0.819176	-0.0237122	-0.557067	0.830129	0.0200662	-0.83046	-0.556716	0.999517	0.00345653	0.0308703	
0.338933	-0.351714	0.819653	-0.0230316	-0.548734	0.835679	0.0193586	-0.835989	-0.548404	0.999547	0.00354697	0.0298769	
0.338881	-0.351745	0.820143	-0.0223323	-0.540347	0.841146	0.0186315	-0.841435	-0.540038	0.999577	0.00361154	0.0288587	
0.338861	-0.348376	0.821832	-0.0217728	-0.54034	0.841165	0.0186182	-0.841438	-0.540033	0.99959	0.00390293	0.0283806	
0.338843	-0.345002	0.823525	-0.0212897	-0.540343	0.841176	0.0186204	-0.841435	-0.540038	0.9996	0.00416578	0.0279753	
0.338827	-0.341614	0.825196	-0.0208601	-0.540345	0.841185	0.0186244	-0.841432	-0.540042	0.999609	0.00440126	0.027616	
0.338812	-0.338216	0.826848	-0.0204787	-0.540347	0.841193	0.0186315	-0.84143	-0.540045	0.999617	0.00461329	0.0272989	
0.338799	-0.334807	0.82848	-0.0201409	-0.540348	0.8412	0.0186426	-0.841428	-0.540048	0.999623	0.00480515	0.0270206	
0.338788	-0.331391	0.830096	-0.0198427	-0.54035	0.841207	0.0186585	-0.841426	-0.54005	0.999629	0.00497957	0.0267783	
0.338778	-0.327967	0.831696	-0.0195804	-0.540351	0.841212	0.0186794	-0.841424	-0.540052	0.999634	0.00513886	0.0265688	
0.33877	-0.324537	0.833281	-0.0193507	-0.540352	0.841216	0.0187055	-0.841422	-0.540054	0.999638	0.00528496	0.0263897	
0.338763	-0.321101	0.834853	-0.0191507	-0.540353	0.84122	0.018737	-0.841421	-0.540055	0.999641	0.00541953	0.0262384	
0.338758	-0.317661	0.836413	-0.0189776	-0.540354	0.841224	0.0187738	-0.841419	-0.540056	0.999644	0.00554397	0.0261126	
0.338754	-0.314216	0.837961	-0.0188291	-0.540355	0.841226	0.0188157	-0.841418	-0.540057	0.999646	0.00565946	0.0260103	
0.338751	-0.310768	0.8395	-0.0187029	-0.540356	0.841229	0.0188625	-0.841417	-0.540057	0.999647	0.00576705	0.0259294	
0.338749	-0.307316	0.841029	-0.0185971	-0.540357	0.84123	0.0189141	-0.841416	-0.540058	0.999648	0.0058676	0.0258683	
0.338748	-0.303861	0.842549	-0.0185099	-0.540358	0.841232	0.0189702	-0.841414	-0.540057	0.999649	0.0059619	0.0258251	
0.338748	-0.300403	0.844062	-0.0184396	-0.540358	0.841233	0.0190304	-0.841413	-0.540057	0.999649	0.0060506	0.0257985	
0.338749	-0.296943	0.845567	-0.0183847	-0.540359	0.841234	0.0190946	-0.841412	-0.540056	0.999649	0.00613428	0.025787	
0.338751	-0.293481	0.847065	-0.0183438	-0.54036	0.841234	0.0191625	-0.841411	-0.540056	0.999648	0.00621344	0.0257893	
0.338754	-0.290017	0.848558	-0.0183158	-0.540361	0.841234	0.0192337	-0.84141	-0.540055	0.999647	0.00628853	0.0258042	
0.338757	-0.286551	0.850045	-0.0182994	-0.540361	0.841234	0.019308	-0.841409	-0.540054	0.999646	0.00635993	0.0258306	
0.338761	-0.283084	0.851527	-0.0182936	-0.540362	0.841234	0.0193852	-0.841408	-0.540052	0.999645	0.00642799	0.0258674	
0.338766	-0.279615	0.853005	-0.0182975	-0.540363	0.841233	0.019465	-0.841407	-0.540051	0.999643	0.006493	0.0259138	
0.338771	-0.276145	0.854478	-0.0183101	-0.540363	0.841232	0.019547	-0.841406	-0.54005	0.999641	0.00655525	0.0259687	
0.338777	-0.272673	0.855948	-0.0183306	-0.540364	0.841232	0.0196312	-0.841405	-0.540048	0.999639	0.00661495	0.0260315	
0.338784	-0.269201	0.857414	-0.0183584	-0.540365	0.84123	0.0197172	-0.841404	-0.540046	0.999637	0.00667233	0.0261013	
0.338791	-0.265727	0.858878	-0.0183925	-0.540366	0.841229	0.0198048	-0.841403	-0.540044	0.999635	0.00672758	0.0261774	
0.338798	-0.262253	0.860338	-0.0184326	-0.540366	0.841228	0.0198938	-0.841403	-0.540043	0.999632	0.00678086	0.0262591	
0.338806	-0.258777	0.861797	-0.0184778	-0.540367	0.841227	0.019984	-0.841402	-0.540041	0.99963	0.00683233	0.026346	
0.338815	-0.255301	0.863253	-0.0185277	-0.540368	0.841225	0.0200752	-0.841401	-0.540039	0.999627	0.00688211	0.0264372	
0.338823	-0.251824	0.864707	-0.0185818	-0.540368	0.841223	0.0201673	-0.8414	-0.540036	0.999624	0.00693032	0.0265325	
0.338832	-0.248347	0.86616	-0.0186395	-0.540369	0.841222	0.0202599	-0.841399	-0.540034	0.999621	0.00697708	0.0266311	
0.338842	-0.244868	0.867611	-0.0187005	-0.54037	0.84122	0.020353	-0.841398	-0.540032	0.999618	0.00702249	0.0267327	
0.338851	-0.241389	0.869061	-0.0187643	-0.540371	0.841218	0.0204464	-0.841397	-0.54003	0.999615	0.00706661	0.0268369	
0.338861	-0.23791	0.87051	-0.0188305	-0.540371	0.841216	0.02054	-0.841397	-0.540028	0.999612	0.00710954	0.0269432	
0.338871	-0.23443	0.871958	-0.0188988	-0.540372	0.841214	0.0206335	-0.841396	-0.540025	0.999608	0.00715134	0.0270512	
0.338881	-0.230949	0.873406	-0.0189689	-0.540373	0.841212	0.0207269	-0.841395	-0.540023	0.999605	0.00719207	0.0271606	
0.338892	-0.227468	0.874853	-0.0190404	-0.540373	0.84121	0.02082	-0.841394	-0.540021	0.999602	0.00723178	0.027271	
0.338902	-0.223987	0.8763	-0.019113	-0.540374	0.841208	0.0209127	-0.841393	-0.540018	0.999599	0.00727053	0.0273822	
0.338913	-0.220505	0.877746	-0.0191865	-0.540375	0.841206	0.0210048	-0.841393	-0.540016	0.999595	0.00730834	0.0274939	
0.338924	-0.217023	0.879193	-0.0192606	-0.540375	0.841204	0.0210963	-0.841392	-0.540013	0.999592	0.00734527	0.0276057	
0.338935	-0.21354	0.880639	-0.0193352	-0.540376	0.841201	0.021187	-0.841391	-0.540011	0.999589	0.00738135	0.0277174	
0.338945	-0.210057	0.882086	-0.0194099	-0.540377	0.841199	0.0212769	-0.84139	-0.540009	0.999585	0.00741659	0.0278288	
0.338956	-0.206573	0.883533	-0.0194845	-0.540377	0.841197	0.0213657	-0.84139	-0.540006	0.999582	0.00745103	0.0279396	
0.338967	-0.203089	0.884981	-0.019559	-0.540378	0.841195	0.0214536	-0.841389	-0.540004	0.999579	0.00748469	0.0280497	
0.338978	-0.199605	0.886428	-0.0196331	-0.540379	0.841193	0.0215402	-0.841388	-0.540002	0.999575	0.00751758	0.0281589	
0.338989	-0.19612	0.887877	-0.0197066	-0.540379	0.841191	0.0216256	-0.841388	-0.539999	0.999572	0.00754973	0.0282669	
0.339	-0.192635	0.889326	-0.0197794	-0.54038	0.841189	0.0217097	-0.841387	-0.539997	0.999569	0.00758114	0.0283737	
0.339011	-0.18915	0.890775	-0.0198515	-0.540381	0.841186	0.0217925	-0.841386	-0.539995	0.999565	0.00761183	0.028479	
0.339022	-0.185664	0.892226	-0.0199225	-0.540381	0.841184	0.0218737	-0.841386	-0.539993	0.999562	0.00764181	0.0285827	
0.339033	-0.182178	0.893677	-0.0199925	-0.540382	0.841182	0.0219535	-0.841385	-0.53999	0.999559	0.00767108	0.0286847	
0.339043	-0.178692	0.895129	-0.0200614	-0.540383	0.84118	0.0220316	-0.841384	-0.539988	0.999556	0.00769966	0.0287848	
0.339054	-0.175205	0.896583	-0.020129	-0.540383	0.841178	0.0221082	-0.841384	-0.539986	0.999553	0.00772754	0.0288831	
0.339064	-0.171718	0.898037	-0.0201952	-0.540384	0.841176	0.022183	-0.841383	-0.539984	0.99955	0.00775474	0.0289793	
0.339074	-0.168231	0.899492	-0.0202601	-0.540384	0.841174	0.0222562	-0.841382	-0.539982	0.999547	0.00778126	0.0290733	
0.339084	-0.164744	0.900948	-0.0203234	-0.540385	0.841172	0.0223276	-0.841382	-0.53998	0.999544	0.0078071	0.0291652	
0.339094	-0.161256	0.902405	-0.0203852	-0.540386	0.841171	0.0223972	-0.841381	-0.539978	0.999541	0.00783227	0.0292548	
0.339104	-0.157767	0.903864	-0.0204455	-0.540386	0.841169	0.022465	-0.84138	-0.539976	0.999539	0.00785677	0.0293422	
0.339114	-0.154279	0.905323	-0.0205041	-0.540387	0.841167	0.0225309	-0.84138	-0.539974	0.999536	0.00788061	0.0294271	
0.339123	-0.15079	0.906784	-0.020561	-0.540387	0.841165	0.0225951	-0.841379	-0.539972	0.999533	0.00790379	0.0295097	
0.339132	-0.147301	0.908246	-0.0206163	-0.540388	0.841164	0.0226574	-0.841379	-0.539971	0.999531	0.00792632	0.0295899	
0.339141	-0.143811	0.909709	-0.02067	-0.540388	0.841162	0.0227178	-0.841378	-0.539969	0.999528	0.0079482	0.0296677	
0.33915	-0.140322	0.911173	-0.0207219	-0.540389	0.84116	0.0227764	-0.841378	-0.539967	0.999526	0.00796944	0.029743	
0.339158	-0.136831	0.912638	-0.0207721	-0.540389	0.841159	0.0228331	-0.841377	-0.539966	0.999523	0.00799005	0.029816	
0.339166	-0.133341	0.914105	-0.0208207	-0.54039	0.841157	0.0228881	-0.841377	-0.539964	0.999521	0.00801003	0.0298865	
0.339174	-0.12985	0.915573	-0.0208676	-0.54039	0.841156	0.0229412	-0.841376	-0.539963	0.999519	0.00802939	0.0299547	
0.339182	-0.126359	0.917041	-0.0209129	-0.540391	0.841154	0.0229926	-0.841376	-0.539961	0.999517	0.00804815	0.0300206	
0.339189	-0.122868	0.918511	-0.0209566	-0.540391	0.841153	0.0230422	-0.841375	-0.53996	0.999515	0.00806632	0.0300841	
0.339196	-0.119377	0.919982	-0.0209987	-0.540392	0.841152	0.0230901	-0.841375	-0.539959	0.999513	0.0080839	0.0301455	
0.339203	-0.115885	0.921454	-0.0210393	-0.540392	0.84115	0.0231364	-0.841374	-0.539957	0.999511	0.00810092	0.0302046	
0.339209	-0.112393	0.922927	-0.0210784	-0.540393	0.841149	0.0231811	-0.841374	-0.539956	0.999509	0.00811738	0.0302617	
0.339216	-0.108901	0.924401	-0.0211161	-0.540393	0.841148	0.0232243	-0.841373	-0.539955	0.999507	0.00813332	0.0303168	
0.339222	-0.105408	0.925876	-0.0211525	-0.540393	0.841147	0.023266	-0.841373	-0.539954	0.999506	0.00814873	0.03037	
0.339228	-0.101915	0.927351	-0.0211877	-0.540394	0.841145	0.0233063	-0.841373	-0.539953	0.999504	0.00816365	0.0304213	
0.339233	-0.0984224	0.928828	-0.0212216	-0.540394	0.841144	0.0233453	-0.841372	-0.539952	0.999502	0.0081781	0.030471	
0.339238	-0.0949292	0.930305	-0.0212545	-0.540395	0.841143	0.023383	-0.841372	-0.539951	0.999501	0.0081921	0.030519	
0.339243	-0.0914358	0.931783	-0.0212864	-0.540395	0.841142	0.0234196	-0.841371	-0.53995	0.999499	0.00820566	0.0305656	
0.339248	-0.0879423	0.933262	-0.0213174	-0.540396	0.841141	0.0234552	-0.841371	-0.539949	0.999498	0.00821883	0.0306109	
0.339252	-0.0844485	0.934741	-0.0213475	-0.540396	0.84114	0.0234898	-0.841371	-0.539948	0.999496	0.00823162	0.030655	
0.339257	-0.0809546	0.936221	-0.021377	-0.540396	0.841139	0.0235235	-0.84137	-0.539947	0.999495	0.00824407	0.030698	
0.339261	-0.0774606	0.937701	-0.0214059	-0.540397	0.841138	0.0235565	-0.84137	-0.539946	0.999493	0.00825621	0.0307401	
0.339264	-0.0739664	0.939181	-0.0214343	-0.540397	0.841137	0.0235888	-0.841369	-0.539945	0.999492	0.00826806	0.0307815	
0.339268	-0.0704721	0.940662	-0.0214624	-0.540398	0.841136	0.0236207	-0.841369	-0.539945	0.999491	0.00827966	0.0308224	
0.339272	-0.0669778	0.942143	-0.0214903	-0.540398	0.841135	0.0236521	-0.841369	-0.539944	0.999489	0.00829104	0.0308628	
0.339275	-0.0634833	0.943624	-0.0215181	-0.540399	0.841134	0.0236833	-0.841368	-0.539943	0.999488	0.00830224	0.0309031	
0.339278	-0.0599888	0.945105	-0.021546	-0.540399	0.841133	0.0237143	-0.841368	-0.539942	0.999487	0.0083133	0.0309433	
0.339281	-0.0564942	0.946586	-0.021574	-0.540399	0.841132	0.0237453	-0.841367	-0.539942	0.999485	0.00832426	0.0309836	
0.339284	-0.0529996	0.948067	-0.0216023	-0.5404	0.841131	0.0237765	-0.841367	-0.539941	0.999484	0.00833514	0.0310243	
0.339286	-0.049505	0.949547	-0.0216312	-0.5404	0.84113	0.0238079	-0.841367	-0.53994	0.999483	0.008346	0.0310656	
0.339289	-0.0460104	0.951027	-0.0216606	-0.540401	0.841129	0.0238397	-0.841366	-0.539939	0.999481	0.00835687	0.0311075	
0.339291	-0.0425159	0.952507	-0.0216908	-0.540401	0.841128	0.0238721	-0.841366	-0.539939	0.99948	0.0083678	0.0311504	
0.339294	-0.0390214	0.953986	-0.0217219	-0.540402	0.841127	0.0239052	-0.841365	-0.539938	0.999478	0.00837882	0.0311945	
0.339296	-0.0355269	0.955465	-0.0217541	-0.540402	0.841126	0.0239391	-0.841365	-0.539937	0.999477	0.00838997	0.0312399	
0.339298	-0.0320326	0.956942	-0.0217874	-0.540403	0.841124	0.023974	-0.841365	-0.539936	0.999475	0.00840131	0.0312868	
0.339301	-0.0285384	0.958419	-0.0218221	-0.540403	0.841123	0.0240101	-0.841364	-0.539935	0.999474	0.00841287	0.0313355	
0.339303	-0.0250443	0.959895	-0.0218584	-0.540404	0.841122	0.0240474	-0.841364	-0.539934	0.999472	0.00842471	0.0313861	
0.339306	-0.0215504	0.96137	-0.0218962	-0.540404	0.841121	0.0240861	-0.841363	-0.539933	0.99947	0.00843685	0.0314389	
0.339308	-0.0180566	0.962844	-0.0219359	-0.540405	0.841119	0.0241265	-0.841363	-0.539932	0.999468	0.00844936	0.0314941	
0.339311	-0.014563	0.964317	-0.0219775	-0.540406	0.841118	0.0241686	-0.841362	-0.539931	0.999466	0.00846226	0.0315519	
0.339314	-0.0110697	0.965788	-0.0220212	-0.540406	0.841116	0.0242125	-0.841362	-0.53993	0.999464	0.00847561	0.0316124	
0.339317	-0.0075766	0.967257	-0.0220672	-0.540407	0.841114	0.0242585	-0.841361	-0.539929	0.999462	0.00848946	0.031676	
0.33932	-0.00408377	0.968726	-0.0221156	-0.540407	0.841113	0.0243067	-0.84136	-0.539927	0.99946	0.00850384	0.0317427	
0.339382	-0.00400392	0.968753	-0.0221968	-0.540399	0.841116	0.0241661	-0.841368	-0.539922	0.999462	0.00834195	0.031735	
0.339445	-0.00393362	0.968764	-0.02226	-0.540397	0.841116	0.0240331	-0.84137	-0.539925	0.999463	0.00819591	0.0317163	
0.339507	-0.00387113	0.968774	-0.0223155	-0.540396	0.841115	0.0239145	-0.841372	-0.539927	0.999465	0.00806613	0.0316989	
0.33957	-0.00381554	0.968784	-0.0223643	-0.540394	0.841115	0.0238087	-0.841374	-0.539928	0.999466	0.00795074	0.0316828	
0.339633	-0.00376606	0.968793	-0.0224071	-0.540393	0.841114	0.0237142	-0.841376	-0.53993	0.999468	0.00784812	0.0316678	
0.339696	-0.00372198	0.968802	-0.0224446	-0.540392	0.841114	0.0236298	-0.841377	-0.539931	0.999469	0.00775681	0.0316537	
0.339759	-0.0036827	0.968811	-0.0224775	-0.540391	0.841113	0.0235543	-0.841379	-0.539932	0.99947	0.00767553	0.0316406	
0.339822	-0.00364767	0.968819	-0.0225062	-0.540391	0.841113	0.0234867	-0.84138	-0.539934	0.999471	0.00760314	0.0316282	
0.339886	-0.00361642	0.968826	-0.0225312	-0.54039	0.841113	0.0234261	-0.841381	-0.539935	0.999472	0.00753864	0.0316166	
0.339949	-0.00358851	0.968833	-0.022553	-0.540389	0.841113	0.0233718	-0.841382	-0.539935	0.999472	0.00748115	0.0316055	
0.340013	-0.00356359	0.968841	-0.0225719	-0.540389	0.841113	0.023323	-0.841383	-0.539936	0.999473	0.00742989	0.0315951	
0.340076	-0.0035413	0.968847	-0.0225882	-0.540388	0.841113	0.0232791	-0.841383	-0.539937	0.999474	0.00738415	0.0315851	
0.34014	-0.00352136	0.968854	-0.0226022	-0.540388	0.841113	0.0232396	-0.841384	-0.539938	0.999474	0.00734333	0.0315755	
0.340203	-0.00350351	0.96886	-0.0226142	-0.540387	0.841112	0.023204	-0.841385	-0.539938	0.999475	0.00730687	0.0315664	
0.340267	-0.00348751	0.968867	-0.0226245	-0.540387	0.841112	0.0231718	-0.841385	-0.539939	0.999475	0.00727429	0.0315576	
0.34033	-0.00347316	0.968873	-0.0226331	-0.540387	0.841112	0.0231427	-0.841386	-0.539939	0.999476	0.00724516	0.0315492	
0.340394	-0.00346028	0.968879	-0.0226403	-0.540386	0.841112	0.0231164	-0.841386	-0.53994	0.999476	0.00721909	0.031541	
0.340458	-0.00344869	0.968884	-0.0226462	-0.540386	0.841112	0.0230925	-0.841386	-0.53994	0.999477	0.00719576	0.0315331	
0.340521	-0.00343827	0.96889	-0.0226511	-0.540386	0.841112	0.0230707	-0.841387	-0.539941	0.999477	0.00717485	0.0315254	
0.340585	-0.00342888	0.968896	-0.0226549	-0.540386	0.841112	0.0230509	-0.841387	-0.539941	0.999478	0.0071561	0.0315179	
0.340649	-0.0034204	0.968901	-0.0226578	-0.540385	0.841113	0.0230328	-0.841387	-0.539941	0.999478	0.00713927	0.0315106	
0.340713	-0.00341274	0.968907	-0.02266	-0.540385	0.841113	0.0230162	-0.841388	-0.539942	0.999478	0.00712415	0.0315035	
0.340776	-0.00340581	0.968912	-0.0226615	-0.540385	0.841113	0.023001	-0.841388	-0.539942	0.999479	0.00711055	0.0314965	
0.34084	-0.00339952	0.968917	-0.0226623	-0.540385	0.841113	0.022987	-0.841388	-0.539942	0.999479	0.00709831	0.0314896	
0.340904	-0.00339381	0.968923	-0.0226626	-0.540385	0.841113	0.0229741	-0.841388	-0.539943	0.999479	0.00708727	0.0314829	
0.340967	-0.00338861	0.968928	-0.0226624	-0.540385	0.841113	0.0229621	-0.841388	-0.539943	0.999479	0.0070773	0.0314763	
0.341031	-0.00338387	0.968933	-0.0226618	-0.540384	0.841113	0.022951	-0.841389	-0.539943	0.99948	0.00706829	0.0314698	
0.341095	-0.00337953	0.968938	-0.0226608	-0.540384	0.841113	0.0229407	-0.841389	-0.539943	0.99948	0.00706013	0.0314633	
0.341158	-0.00337556	0.968943	-0.0226595	-0.540384	0.841113	0.022931	-0.841389	-0.539944	0.99948	0.00705273	0.031457	
0.341222	-0.0033719	0.968948	-0.0226578	-0.540384	0.841113	0.0229219	-0.841389	-0.539944	0.99948	0.007046	0.0314507	
0.341286	-0.00336854	0.968953	-0.0226559	-0.540384	0.841113	0.0229134	-0.841389	-0.539944	0.999481	0.00703987	0.0314445	
0.341349	-0.00336543	0.968958	-0.0226538	-0.540384	0.841113	0.0229054	-0.841389	-0.539944	0.999481	0.00703428	0.0314383	
