0.319223	-0.000320231	0.87831	-0.000727321	-1	0.000304597	3.54769e-05	-0.000304623	-1	1	-0.00072731	3.56984e-05	
0.319397	-0.000641108	0.878032	-0.00145865	-0.999999	0.000636308	-0.000725914	-0.00063525	-1	0.999999	-0.00145911	-0.000724986	
0.319571	-0.000962026	0.877753	-0.00218945	-0.999997	0.00098449	-0.00148788	-0.000981233	-0.999998	0.999996	-0.00219091	-0.00148573	
0.319745	-0.00128298	0.877474	-0.0029197	-0.999995	0.0013485	-0.00225045	-0.00134193	-0.999997	0.999993	-0.00292272	-0.00224652	
0.319918	-0.00160398	0.877195	-0.00364935	-0.999992	0.00172767	-0.00301366	-0.00171668	-0.999994	0.999989	-0.00365454	-0.00300737	
0.320091	-0.00192502	0.876915	-0.00437838	-0.999988	0.00212127	-0.00377753	-0.00210474	-0.999991	0.999983	-0.00438635	-0.00376827	
0.320263	-0.0022461	0.876636	-0.00510676	-0.999984	0.00252856	-0.00454209	-0.00250537	-0.999987	0.999977	-0.00511818	-0.00452923	
0.320435	-0.00256722	0.876357	-0.00583445	-0.999979	0.00294872	-0.00530737	-0.00291777	-0.999982	0.999969	-0.00585	-0.00529023	
0.320607	-0.00288838	0.876077	-0.00656144	-0.999973	0.00338095	-0.00607338	-0.00334111	-0.999976	0.99996	-0.00658182	-0.00605129	
0.320778	-0.00320957	0.875797	-0.0072877	-0.999966	0.00382435	-0.00684013	-0.00377452	-0.999969	0.99995	-0.00731364	-0.0068124	
0.320949	-0.00353081	0.875517	-0.00801322	-0.999959	0.00427804	-0.00760766	-0.00421709	-0.999962	0.999939	-0.00804546	-0.00757355	
0.321119	-0.00385208	0.875238	-0.00873797	-0.999951	0.00474107	-0.00837596	-0.00466789	-0.999954	0.999927	-0.00877728	-0.00833476	
0.321289	-0.00417339	0.874957	-0.00946194	-0.999942	0.00521246	-0.00914504	-0.00512594	-0.999945	0.999913	-0.00950909	-0.00909601	
0.321459	-0.00449473	0.874677	-0.0101851	-0.999932	0.00569121	-0.00991492	-0.00559023	-0.999935	0.999899	-0.0102409	-0.00985731	
0.321628	-0.00481612	0.874397	-0.0109075	-0.999921	0.00617627	-0.0106856	-0.00605972	-0.999925	0.999883	-0.0109727	-0.0106187	
0.321797	-0.00513754	0.874117	-0.0116291	-0.99991	0.00666657	-0.0114571	-0.00653334	-0.999913	0.999867	-0.0117045	-0.01138	
0.321966	-0.005459	0.873836	-0.0123499	-0.999898	0.007161	-0.0122293	-0.00700998	-0.999901	0.999849	-0.0124363	-0.0121415	
0.322134	-0.00578049	0.873556	-0.0130699	-0.999885	0.00765844	-0.0130023	-0.0074885	-0.999887	0.99983	-0.0131681	-0.012903	
0.322302	-0.00610202	0.873275	-0.0137892	-0.999872	0.00815771	-0.0137761	-0.00796774	-0.999873	0.99981	-0.0138998	-0.0136645	
0.322469	-0.00642358	0.872994	-0.0145076	-0.999857	0.00865762	-0.0145507	-0.0084465	-0.999858	0.999789	-0.0146316	-0.014426	
0.322636	-0.00674518	0.872713	-0.0152254	-0.999842	0.00915695	-0.0153259	-0.00892358	-0.999843	0.999767	-0.0153633	-0.0151876	
0.322802	-0.00706681	0.872432	-0.0159424	-0.999826	0.00965446	-0.0161019	-0.00939771	-0.999826	0.999743	-0.016095	-0.0159493	
0.322968	-0.00738848	0.872151	-0.0166586	-0.99981	0.0101489	-0.0168786	-0.00986763	-0.999809	0.999719	-0.0168267	-0.016711	
0.323134	-0.00771018	0.87187	-0.0173742	-0.999792	0.0106389	-0.0176559	-0.010332	-0.999791	0.999693	-0.0175584	-0.0174727	
0.3233	-0.00803191	0.871588	-0.0180892	-0.999775	0.0111232	-0.0184338	-0.0107896	-0.999772	0.999666	-0.0182901	-0.0182345	
0.323464	-0.00835368	0.871307	-0.0188036	-0.999756	0.0116004	-0.0192123	-0.0112391	-0.999752	0.999639	-0.0190218	-0.0189963	
0.323629	-0.00867548	0.871025	-0.0195174	-0.999737	0.0120693	-0.0199913	-0.0116789	-0.999732	0.99961	-0.0197534	-0.0197581	
0.323793	-0.00899731	0.870743	-0.0202307	-0.999717	0.0125283	-0.0207708	-0.0121079	-0.999711	0.99958	-0.020485	-0.02052	
0.323957	-0.00931918	0.870461	-0.0209435	-0.999696	0.0129762	-0.0215507	-0.0125246	-0.999689	0.999548	-0.0212166	-0.0212819	
0.32412	-0.00964108	0.870179	-0.0216559	-0.999676	0.0134114	-0.022331	-0.0129276	-0.999667	0.999516	-0.0219482	-0.0220438	
0.324283	-0.009963	0.869897	-0.022368	-0.999654	0.0138326	-0.0231116	-0.0133154	-0.999644	0.999483	-0.0226798	-0.0228058	
0.324446	-0.010285	0.869615	-0.0230799	-0.999632	0.0142383	-0.0238925	-0.0136865	-0.999621	0.999448	-0.0234113	-0.0235678	
0.324608	-0.010607	0.869333	-0.0237915	-0.99961	0.0146271	-0.0246735	-0.0140397	-0.999597	0.999412	-0.0241428	-0.0243299	
0.32477	-0.010929	0.869051	-0.024503	-0.999587	0.0149975	-0.0254546	-0.0143733	-0.999573	0.999376	-0.0248743	-0.0250919	
0.324931	-0.011251	0.868768	-0.0252144	-0.999564	0.0153479	-0.0262358	-0.0146859	-0.999548	0.999338	-0.0256057	-0.025854	
0.325092	-0.0115731	0.868485	-0.025926	-0.999541	0.015677	-0.0270168	-0.0149759	-0.999523	0.999299	-0.0263371	-0.0266162	
0.325253	-0.0118952	0.868203	-0.0266376	-0.999517	0.0159831	-0.0277978	-0.015242	-0.999497	0.999259	-0.0270685	-0.0273783	
0.325413	-0.0122174	0.86792	-0.0273495	-0.999494	0.0162649	-0.0285784	-0.0154825	-0.999472	0.999217	-0.0277999	-0.0281405	
0.325573	-0.0125395	0.867637	-0.0280617	-0.99947	0.0165207	-0.0293588	-0.015696	-0.999446	0.999175	-0.0285312	-0.0289027	
0.325733	-0.0128617	0.867354	-0.0287744	-0.999446	0.0167491	-0.0301386	-0.0158809	-0.99942	0.999131	-0.0292625	-0.029665	
0.325788	-0.0131831	0.867132	-0.0294908	-0.999421	0.0169444	-0.03073	-0.0160373	-0.999399	0.999093	-0.0299938	-0.0302393	
0.325726	-0.0135036	0.866979	-0.0302115	-0.999397	0.0171067	-0.0311085	-0.0161661	-0.999385	0.999059	-0.0307251	-0.0306013	
0.325664	-0.013824	0.866826	-0.0309329	-0.999373	0.0172414	-0.0314864	-0.0162668	-0.999372	0.999025	-0.0314564	-0.0309634	
0.325602	-0.0141443	0.866674	-0.0316552	-0.999348	0.0173473	-0.0318635	-0.0163382	-0.999359	0.998991	-0.0321876	-0.0313256	
0.325539	-0.0144646	0.866521	-0.0323783	-0.999324	0.017423	-0.0322399	-0.0163788	-0.999346	0.998956	-0.0329189	-0.0316878	
0.325476	-0.0147848	0.866368	-0.0331024	-0.999299	0.017467	-0.0326153	-0.0163872	-0.999334	0.99892	-0.0336501	-0.03205	
0.325413	-0.015105	0.866215	-0.0338276	-0.999275	0.017478	-0.0329897	-0.0163621	-0.999322	0.998883	-0.0343813	-0.0324123	
0.32535	-0.0154251	0.866062	-0.0345539	-0.99925	0.0174547	-0.033363	-0.016302	-0.99931	0.998846	-0.0351124	-0.0327747	
0.325286	-0.0157452	0.865908	-0.0352814	-0.999226	0.0173955	-0.0337349	-0.0162056	-0.999299	0.998808	-0.0358435	-0.0331371	
0.325223	-0.0160652	0.865755	-0.0360102	-0.999202	0.0172992	-0.0341055	-0.0160715	-0.999289	0.998769	-0.0365746	-0.0334995	
0.325159	-0.0163851	0.865602	-0.0367404	-0.999177	0.0171642	-0.0344745	-0.0158983	-0.999279	0.99873	-0.0373056	-0.033862	
0.325095	-0.016705	0.865449	-0.037472	-0.999153	0.0169894	-0.0348418	-0.0156847	-0.99927	0.99869	-0.0380366	-0.0342245	
0.32503	-0.0170249	0.865295	-0.0382053	-0.999129	0.0167732	-0.0352072	-0.0154291	-0.999261	0.998649	-0.0387676	-0.0345871	
0.324966	-0.0173446	0.865142	-0.0389402	-0.999105	0.0165143	-0.0355707	-0.0151304	-0.999253	0.998608	-0.0394985	-0.0349497	
0.324901	-0.0176643	0.864988	-0.0396768	-0.999081	0.0162113	-0.0359321	-0.014787	-0.999245	0.998566	-0.0402294	-0.0353124	
0.324836	-0.017984	0.864834	-0.0404153	-0.999057	0.0158629	-0.0362912	-0.0143976	-0.999238	0.998524	-0.0409602	-0.0356751	
0.324771	-0.0183036	0.864681	-0.0411558	-0.999033	0.0154676	-0.0366479	-0.0139609	-0.999231	0.99848	-0.041691	-0.0360379	
0.324706	-0.0186231	0.864527	-0.0418984	-0.999009	0.0150242	-0.037002	-0.0134756	-0.999224	0.998436	-0.0424218	-0.0364007	
0.32464	-0.0189426	0.864373	-0.0426422	-0.998984	0.0145552	-0.0373543	-0.0129641	-0.999218	0.998392	-0.0431525	-0.0367636	
0.324574	-0.019262	0.864219	-0.0433863	-0.998959	0.0140861	-0.037706	-0.012452	-0.999211	0.998347	-0.0438832	-0.0371265	
0.324508	-0.0195813	0.864065	-0.0441307	-0.998933	0.013617	-0.038057	-0.0119394	-0.999204	0.998301	-0.0446138	-0.0374894	
0.324442	-0.0199006	0.863911	-0.0448755	-0.998906	0.0131478	-0.0384072	-0.0114262	-0.999197	0.998254	-0.0453444	-0.0378525	
0.324375	-0.0202199	0.863757	-0.0456206	-0.998878	0.0126786	-0.0387568	-0.0109125	-0.999189	0.998207	-0.046075	-0.0382155	
0.324308	-0.020539	0.863603	-0.046366	-0.99885	0.0122093	-0.0391057	-0.0103981	-0.999181	0.998159	-0.0468055	-0.0385786	
0.324242	-0.0208582	0.863449	-0.0471117	-0.998821	0.01174	-0.0394539	-0.00988322	-0.999173	0.99811	-0.0475359	-0.0389418	
0.324174	-0.0211772	0.863294	-0.0478578	-0.998791	0.0112706	-0.0398014	-0.00936774	-0.999164	0.998061	-0.0482663	-0.039305	
0.324107	-0.0214962	0.86314	-0.0486041	-0.99876	0.0108012	-0.0401482	-0.00885169	-0.999155	0.998011	-0.0489967	-0.0396682	
0.324039	-0.0218151	0.862986	-0.0493508	-0.998728	0.0103317	-0.0404943	-0.00833508	-0.999145	0.99796	-0.049727	-0.0400315	
0.323972	-0.022134	0.862831	-0.0500978	-0.998696	0.00986222	-0.0408398	-0.00781791	-0.999135	0.997909	-0.0504573	-0.0403948	
0.323904	-0.0224528	0.862677	-0.0508451	-0.998662	0.00939265	-0.0411845	-0.00730016	-0.999125	0.997857	-0.0511875	-0.0407582	
0.323835	-0.0227715	0.862522	-0.0515928	-0.998628	0.00892303	-0.0415285	-0.00678186	-0.999114	0.997804	-0.0519176	-0.0411216	
0.323767	-0.0230902	0.862367	-0.0523407	-0.998594	0.00845336	-0.0418718	-0.00626299	-0.999103	0.997751	-0.0526477	-0.0414851	
0.323698	-0.0234088	0.862212	-0.053089	-0.998558	0.00798364	-0.0422144	-0.00574356	-0.999092	0.997697	-0.0533778	-0.0418486	
0.323629	-0.0237274	0.862058	-0.0538375	-0.998521	0.00751388	-0.0425564	-0.00522357	-0.99908	0.997642	-0.0541078	-0.0422122	
0.32356	-0.0240458	0.861903	-0.0545864	-0.998484	0.00704407	-0.0428976	-0.00470302	-0.999068	0.997587	-0.0548377	-0.0425758	
0.323491	-0.0243643	0.861748	-0.0553356	-0.998446	0.00657422	-0.0432381	-0.00418191	-0.999056	0.997531	-0.0555676	-0.0429395	
0.323421	-0.0246826	0.861593	-0.0560851	-0.998407	0.00610432	-0.0435779	-0.00366024	-0.999043	0.997475	-0.0562975	-0.0433032	
0.323352	-0.0250009	0.861438	-0.0568349	-0.998368	0.00563438	-0.043917	-0.00313802	-0.99903	0.997417	-0.0570272	-0.043667	
0.323258	-0.0253196	0.861358	-0.057588	-0.998327	0.00516206	-0.0441286	-0.00262012	-0.999022	0.997365	-0.0577595	-0.0439039	
0.323131	-0.0256389	0.861385	-0.0583455	-0.998285	0.00468632	-0.0441617	-0.00210872	-0.999022	0.997319	-0.0584954	-0.0439629	
0.322986	-0.0259585	0.861466	-0.0591052	-0.998243	0.00420866	-0.0441033	-0.00160064	-0.999026	0.997277	-0.0592332	-0.0439312	
0.322832	-0.0262782	0.861574	-0.0598661	-0.998199	0.00372984	-0.0439971	-0.00109427	-0.999031	0.997236	-0.0599722	-0.0438523	
0.322673	-0.026598	0.861698	-0.0606277	-0.998155	0.00325025	-0.0438646	-0.000588801	-0.999037	0.997196	-0.0607119	-0.043748	
0.322512	-0.0269178	0.861831	-0.0613896	-0.99811	0.00277008	-0.0437166	-8.38407e-05	-0.999044	0.997156	-0.0614521	-0.0436289	
0.322348	-0.0272376	0.861969	-0.0621519	-0.998064	0.00228942	-0.0435586	0.000420818	-0.999051	0.997116	-0.0621926	-0.0435005	
0.322182	-0.0275575	0.862112	-0.0629144	-0.998017	0.00180833	-0.0433933	0.000925272	-0.999058	0.997075	-0.0629336	-0.0433654	
0.322015	-0.0278773	0.862257	-0.063677	-0.99797	0.00132681	-0.0432218	0.00142957	-0.999064	0.997034	-0.0636748	-0.0432251	
0.321848	-0.0281972	0.862405	-0.0644398	-0.997921	0.000844894	-0.0430451	0.00193373	-0.999071	0.996993	-0.0644163	-0.0430802	
0.321679	-0.028517	0.862555	-0.0652027	-0.997872	0.00036257	-0.0428632	0.00243775	-0.999078	0.996951	-0.0651582	-0.042931	
0.321509	-0.0288368	0.862708	-0.0659658	-0.997822	-0.000120158	-0.0426765	0.00294164	-0.999085	0.996909	-0.0659003	-0.0427776	
0.321337	-0.0291567	0.862863	-0.066729	-0.997771	-0.000603293	-0.0424849	0.0034454	-0.999091	0.996866	-0.0666427	-0.0426201	
0.321165	-0.0294765	0.863021	-0.0674924	-0.997719	-0.00108684	-0.0422885	0.00394902	-0.999098	0.996823	-0.0673855	-0.0424586	
0.320992	-0.0297964	0.863181	-0.0682558	-0.997667	-0.00157079	-0.0420873	0.00445248	-0.999104	0.99678	-0.0681285	-0.042293	
0.320818	-0.0301162	0.863343	-0.0690194	-0.997613	-0.00205517	-0.0418813	0.00495579	-0.99911	0.996736	-0.0688719	-0.0421234	
0.320642	-0.030436	0.863507	-0.0697831	-0.997559	-0.00253996	-0.0416705	0.00545893	-0.999116	0.996691	-0.0696156	-0.0419497	
0.320466	-0.0307558	0.863674	-0.0705469	-0.997504	-0.00302517	-0.0414549	0.00596191	-0.999123	0.996647	-0.0703596	-0.041772	
0.320288	-0.0310757	0.863844	-0.0713108	-0.997448	-0.00351081	-0.0412344	0.00646471	-0.999129	0.996601	-0.0711039	-0.0415902	
0.32011	-0.0313955	0.864015	-0.0720748	-0.997391	-0.00399688	-0.0410091	0.00696732	-0.999134	0.996556	-0.0718485	-0.0414042	
0.31993	-0.0317153	0.864189	-0.0728389	-0.997334	-0.00448339	-0.0407789	0.00746974	-0.99914	0.99651	-0.0725934	-0.0412142	
0.319749	-0.0320351	0.864366	-0.0736031	-0.997275	-0.00497033	-0.0405438	0.00797195	-0.999146	0.996463	-0.0733387	-0.0410201	
0.319586	-0.0323545	0.864487	-0.0743656	-0.997216	-0.00545536	-0.0404006	0.00847872	-0.999148	0.996412	-0.0740818	-0.0409186	
0.319431	-0.0326737	0.86458	-0.0751273	-0.997156	-0.0059395	-0.0403044	0.00898795	-0.999147	0.996359	-0.0748239	-0.040865	
0.319281	-0.0329927	0.864658	-0.0758887	-0.997096	-0.00642328	-0.0402322	0.00949855	-0.999145	0.996304	-0.0755654	-0.0408362	
0.319134	-0.0333116	0.864728	-0.07665	-0.997034	-0.006907	-0.0401721	0.01001	-0.999143	0.996248	-0.0763068	-0.0408202	
0.318987	-0.0336305	0.864794	-0.0774112	-0.996972	-0.00739078	-0.040118	0.0105219	-0.99914	0.996192	-0.0770481	-0.040811	
0.318841	-0.0339493	0.864858	-0.0781725	-0.996909	-0.00787471	-0.0400667	0.0110341	-0.999136	0.996134	-0.0777894	-0.0408054	
0.318695	-0.0342681	0.864921	-0.0789338	-0.996845	-0.00835883	-0.0400166	0.0115467	-0.999132	0.996076	-0.0785309	-0.0408018	
0.318549	-0.0345868	0.864982	-0.0796953	-0.99678	-0.00884315	-0.0399669	0.0120594	-0.999128	0.996018	-0.0792724	-0.0407993	
0.318403	-0.0349055	0.865044	-0.0804568	-0.996714	-0.00932769	-0.0399173	0.0125724	-0.999124	0.995958	-0.080014	-0.0407977	
0.318256	-0.0352242	0.865105	-0.0812184	-0.996648	-0.00981244	-0.0398673	0.0130856	-0.999119	0.995899	-0.0807557	-0.0407965	
0.31811	-0.0355428	0.865166	-0.0819801	-0.996581	-0.0102974	-0.0398171	0.013599	-0.999114	0.995838	-0.0814975	-0.0407958	
0.317963	-0.0358614	0.865226	-0.0827419	-0.996513	-0.0107826	-0.0397664	0.0141126	-0.999109	0.995777	-0.0822394	-0.0407954	
0.317817	-0.0361799	0.865287	-0.0835038	-0.996444	-0.0112681	-0.0397153	0.0146264	-0.999104	0.995716	-0.0829815	-0.0407954	
0.31767	-0.0364984	0.865347	-0.0842658	-0.996374	-0.0117537	-0.0396637	0.0151403	-0.999098	0.995654	-0.0837236	-0.0407957	
0.317522	-0.0368169	0.865406	-0.0850278	-0.996303	-0.0122396	-0.0396117	0.0156545	-0.999093	0.995591	-0.0844659	-0.0407963	
0.317375	-0.0371353	0.865466	-0.08579	-0.996232	-0.0127257	-0.0395592	0.0161688	-0.999086	0.995528	-0.0852082	-0.0407972	
0.317228	-0.0374537	0.865525	-0.0865523	-0.99616	-0.013212	-0.0395062	0.0166833	-0.99908	0.995464	-0.0859507	-0.0407985	
0.31708	-0.0377721	0.865585	-0.0873146	-0.996087	-0.0136986	-0.0394528	0.017198	-0.999073	0.995399	-0.0866932	-0.0408	
0.316932	-0.0380904	0.865643	-0.088077	-0.996013	-0.0141854	-0.0393989	0.0177129	-0.999067	0.995334	-0.0874359	-0.0408019	
0.316784	-0.0384087	0.865702	-0.0888395	-0.995938	-0.0146723	-0.0393445	0.0182279	-0.999059	0.995269	-0.0881787	-0.040804	
0.316636	-0.038727	0.865761	-0.0896021	-0.995862	-0.0151596	-0.0392897	0.0187432	-0.999052	0.995202	-0.0889216	-0.0408065	
0.316487	-0.0390452	0.865819	-0.0903648	-0.995786	-0.015647	-0.0392343	0.0192586	-0.999044	0.995136	-0.0896646	-0.0408093	
0.316339	-0.0393633	0.865877	-0.0911276	-0.995709	-0.0161347	-0.0391786	0.0197742	-0.999037	0.995068	-0.0904077	-0.0408124	
0.31619	-0.0396815	0.865934	-0.0918904	-0.99563	-0.0166226	-0.0391223	0.02029	-0.999028	0.995	-0.0911508	-0.0408158	
0.316041	-0.0399996	0.865992	-0.0926534	-0.995551	-0.0171107	-0.0390656	0.020806	-0.99902	0.994932	-0.0918941	-0.0408195	
0.315892	-0.0403176	0.866049	-0.0934164	-0.995472	-0.017599	-0.0390084	0.0213222	-0.999011	0.994863	-0.0926375	-0.0408236	
0.315743	-0.0406356	0.866106	-0.0941795	-0.995391	-0.0180875	-0.0389507	0.0218385	-0.999002	0.994793	-0.093381	-0.0408279	
0.315593	-0.0409536	0.866163	-0.0949427	-0.995309	-0.0185763	-0.0388926	0.022355	-0.998993	0.994723	-0.0941246	-0.0408326	
0.315444	-0.0412715	0.86622	-0.0957059	-0.995227	-0.0190653	-0.0388339	0.0228717	-0.998984	0.994652	-0.0948683	-0.0408375	
0.315294	-0.0415894	0.866276	-0.0964692	-0.995144	-0.0195545	-0.0387748	0.0233886	-0.998974	0.99458	-0.0956121	-0.0408428	
0.315144	-0.0419073	0.866332	-0.0972326	-0.99506	-0.0200439	-0.0387153	0.0239057	-0.998964	0.994508	-0.0963559	-0.0408484	
0.314994	-0.0422251	0.866388	-0.0979961	-0.994975	-0.0205336	-0.0386552	0.0244229	-0.998954	0.994436	-0.0970999	-0.0408543	
0.314843	-0.0425429	0.866444	-0.0987597	-0.994889	-0.0210234	-0.0385947	0.0249403	-0.998944	0.994363	-0.097844	-0.0408605	
0.314693	-0.0428606	0.866499	-0.0995233	-0.994803	-0.0215135	-0.0385337	0.0254579	-0.998933	0.994289	-0.0985881	-0.0408671	
0.314542	-0.0431783	0.866555	-0.100287	-0.994715	-0.0220038	-0.0384722	0.0259756	-0.998922	0.994214	-0.0993324	-0.0408739	
0.314391	-0.0434959	0.86661	-0.101051	-0.994627	-0.0224943	-0.0384103	0.0264936	-0.998911	0.99414	-0.100077	-0.0408811	
0.31424	-0.0438136	0.866664	-0.101815	-0.994538	-0.0229851	-0.0383478	0.0270117	-0.998899	0.994064	-0.100821	-0.0408886	
0.314089	-0.0441311	0.866719	-0.102579	-0.994448	-0.023476	-0.0382849	0.02753	-0.998888	0.993988	-0.101566	-0.0408964	
0.313937	-0.0444486	0.866773	-0.103343	-0.994357	-0.0239672	-0.0382216	0.0280484	-0.998876	0.993911	-0.10231	-0.0409045	
0.313785	-0.0447661	0.866827	-0.104107	-0.994265	-0.0244586	-0.0381577	0.0285671	-0.998863	0.993834	-0.103055	-0.0409129	
0.313634	-0.0450836	0.866881	-0.104871	-0.994173	-0.0249502	-0.0380934	0.0290859	-0.998851	0.993756	-0.1038	-0.0409216	
0.313482	-0.045401	0.866935	-0.105635	-0.994079	-0.025442	-0.0380285	0.0296048	-0.998838	0.993678	-0.104545	-0.0409307	
0.313329	-0.0457183	0.866988	-0.106399	-0.993985	-0.025934	-0.0379632	0.030124	-0.998825	0.993599	-0.10529	-0.0409401	
0.313177	-0.0460356	0.867041	-0.107163	-0.99389	-0.0264262	-0.0378975	0.0306433	-0.998812	0.993519	-0.106035	-0.0409498	
0.313025	-0.0463529	0.867094	-0.107928	-0.993794	-0.0269187	-0.0378312	0.0311628	-0.998798	0.993439	-0.10678	-0.0409598	
0.312872	-0.0466701	0.867147	-0.108692	-0.993697	-0.0274114	-0.0377645	0.0316824	-0.998784	0.993358	-0.107525	-0.0409701	
0.312719	-0.0469873	0.867199	-0.109457	-0.9936	-0.0279042	-0.0376972	0.0322023	-0.99877	0.993276	-0.10827	-0.0409807	
0.312566	-0.0473045	0.867252	-0.110221	-0.993501	-0.0283973	-0.0376295	0.0327222	-0.998756	0.993194	-0.109016	-0.0409917	
0.312413	-0.0476216	0.867304	-0.110986	-0.993402	-0.0288906	-0.0375614	0.0332424	-0.998741	0.993112	-0.109761	-0.041003	
0.312259	-0.0479386	0.867355	-0.111751	-0.993302	-0.0293842	-0.0374927	0.0337627	-0.998726	0.993029	-0.110507	-0.0410146	
0.312106	-0.0482556	0.867407	-0.112515	-0.993201	-0.0298779	-0.0374235	0.0342832	-0.998711	0.992945	-0.111252	-0.0410265	
0.311952	-0.0485726	0.867458	-0.11328	-0.993099	-0.0303718	-0.0373539	0.0348039	-0.998696	0.992861	-0.111998	-0.0410387	
0.311798	-0.0488895	0.867509	-0.114045	-0.992996	-0.030866	-0.0372838	0.0353247	-0.99868	0.992776	-0.112744	-0.0410513	
0.311644	-0.0492064	0.86756	-0.11481	-0.992892	-0.0313603	-0.0372132	0.0358457	-0.998664	0.99269	-0.11349	-0.0410642	
0.31149	-0.0495232	0.867611	-0.115575	-0.992788	-0.0318549	-0.0371421	0.0363668	-0.998648	0.992604	-0.114236	-0.0410773	
0.311335	-0.04984	0.867661	-0.11634	-0.992682	-0.0323497	-0.0370706	0.0368881	-0.998632	0.992517	-0.114982	-0.0410909	
0.311181	-0.0501567	0.867711	-0.117105	-0.992576	-0.0328447	-0.0369985	0.0374096	-0.998615	0.99243	-0.115728	-0.0411047	
0.311026	-0.0504734	0.867761	-0.11787	-0.992469	-0.0333399	-0.036926	0.0379312	-0.998598	0.992342	-0.116474	-0.0411189	
0.310871	-0.0507901	0.867811	-0.118635	-0.992361	-0.0338353	-0.036853	0.038453	-0.998581	0.992254	-0.11722	-0.0411333	
0.310716	-0.0511067	0.86786	-0.119401	-0.992252	-0.0343309	-0.0367795	0.038975	-0.998563	0.992165	-0.117966	-0.0411481	
0.31056	-0.0514232	0.867909	-0.120166	-0.992143	-0.0348267	-0.0367055	0.0394971	-0.998545	0.992075	-0.118713	-0.0411633	
0.310405	-0.0517398	0.867958	-0.120931	-0.992032	-0.0353227	-0.036631	0.0400194	-0.998527	0.991985	-0.119459	-0.0411787	
0.310249	-0.0520562	0.868007	-0.121697	-0.991921	-0.035819	-0.036556	0.0405418	-0.998509	0.991894	-0.120206	-0.0411945	
0.310093	-0.0523726	0.868055	-0.122462	-0.991809	-0.0363154	-0.0364806	0.0410644	-0.99849	0.991803	-0.120952	-0.0412106	
0.309937	-0.052689	0.868104	-0.123227	-0.991695	-0.036812	-0.0364046	0.0415872	-0.998471	0.99171	-0.121699	-0.041227	
0.309781	-0.0530053	0.868152	-0.123993	-0.991581	-0.0373089	-0.0363282	0.0421101	-0.998452	0.991618	-0.122446	-0.0412437	
0.309625	-0.0533216	0.868199	-0.124759	-0.991467	-0.037806	-0.0362513	0.0426332	-0.998433	0.991525	-0.123193	-0.0412608	
0.309468	-0.0536378	0.868247	-0.125524	-0.991351	-0.0383032	-0.0361739	0.0431564	-0.998413	0.991431	-0.123939	-0.0412782	
0.309311	-0.053954	0.868294	-0.12629	-0.991234	-0.0388007	-0.036096	0.0436798	-0.998393	0.991336	-0.124686	-0.0412959	
0.309154	-0.0542701	0.868341	-0.127055	-0.991117	-0.0392983	-0.0360176	0.0442033	-0.998373	0.991241	-0.125433	-0.0413139	
0.308997	-0.0545862	0.868388	-0.127821	-0.990998	-0.0397962	-0.0359388	0.044727	-0.998353	0.991146	-0.12618	-0.0413323	
0.30884	-0.0549023	0.868435	-0.128587	-0.990879	-0.0402943	-0.0358594	0.0452508	-0.998332	0.99105	-0.126927	-0.041351	
0.308683	-0.0552183	0.868481	-0.129353	-0.990759	-0.0407926	-0.0357796	0.0457748	-0.998311	0.990953	-0.127675	-0.04137	
0.308525	-0.0555342	0.868527	-0.130119	-0.990638	-0.041291	-0.0356992	0.046299	-0.99829	0.990856	-0.128422	-0.0413894	
0.308367	-0.0558501	0.868573	-0.130884	-0.990516	-0.0417897	-0.0356184	0.0468233	-0.998268	0.990758	-0.129169	-0.041409	
0.308209	-0.0561659	0.868619	-0.13165	-0.990394	-0.0422886	-0.0355371	0.0473477	-0.998246	0.990659	-0.129917	-0.041429	
0.308051	-0.0564817	0.868664	-0.132416	-0.99027	-0.0427877	-0.0354553	0.0478723	-0.998224	0.99056	-0.130664	-0.0414494	
0.307893	-0.0567975	0.86871	-0.133182	-0.990146	-0.043287	-0.035373	0.0483971	-0.998202	0.99046	-0.131411	-0.04147	
0.307734	-0.0571131	0.868755	-0.133948	-0.990021	-0.0437864	-0.0352902	0.048922	-0.998179	0.99036	-0.132159	-0.041491	
0.307576	-0.0574288	0.868799	-0.134714	-0.989894	-0.0442861	-0.0352069	0.049447	-0.998156	0.990259	-0.132907	-0.0415123	
0.307417	-0.0577444	0.868844	-0.13548	-0.989767	-0.044786	-0.0351231	0.0499722	-0.998133	0.990157	-0.133654	-0.0415339	
0.307258	-0.0580599	0.868888	-0.136246	-0.989639	-0.0452861	-0.0350388	0.0504976	-0.998109	0.990055	-0.134402	-0.0415559	
0.307099	-0.0583754	0.868932	-0.137012	-0.989511	-0.0457864	-0.0349541	0.0510231	-0.998086	0.989952	-0.13515	-0.0415782	
0.306939	-0.0586908	0.868976	-0.137779	-0.989381	-0.0462868	-0.0348688	0.0515487	-0.998062	0.989849	-0.135898	-0.0416008	
0.30678	-0.0590062	0.869019	-0.138545	-0.98925	-0.0467875	-0.034783	0.0520745	-0.998037	0.989745	-0.136645	-0.0416238	
0.30662	-0.0593216	0.869063	-0.139311	-0.989119	-0.0472884	-0.0346968	0.0526004	-0.998013	0.989641	-0.137393	-0.0416471	
0.30646	-0.0596369	0.869106	-0.140077	-0.988987	-0.0477894	-0.03461	0.0531265	-0.997988	0.989536	-0.138141	-0.0416707	
0.3063	-0.0599521	0.869149	-0.140843	-0.988853	-0.0482907	-0.0345228	0.0536527	-0.997963	0.98943	-0.138889	-0.0416946	
0.30614	-0.0602673	0.869191	-0.14161	-0.988719	-0.0487922	-0.0344351	0.054179	-0.997937	0.989323	-0.139637	-0.0417189	
0.30598	-0.0605824	0.869234	-0.142376	-0.988584	-0.0492938	-0.0343469	0.0547055	-0.997912	0.989217	-0.140386	-0.0417435	
0.305819	-0.0608975	0.869276	-0.143142	-0.988449	-0.0497957	-0.0342581	0.0552322	-0.997886	0.989109	-0.141134	-0.0417685	
0.305659	-0.0612125	0.869318	-0.143909	-0.988312	-0.0502977	-0.0341689	0.055759	-0.997859	0.989001	-0.141882	-0.0417937	
0.305498	-0.0615275	0.869359	-0.144675	-0.988174	-0.0507999	-0.0340792	0.0562859	-0.997833	0.988892	-0.14263	-0.0418193	
0.305337	-0.0618424	0.869401	-0.145441	-0.988036	-0.0513024	-0.033989	0.0568129	-0.997806	0.988783	-0.143378	-0.0418453	
0.305176	-0.0621573	0.869442	-0.146208	-0.987897	-0.051805	-0.0338983	0.0573401	-0.997779	0.988673	-0.144127	-0.0418716	
0.305014	-0.0624721	0.869483	-0.146974	-0.987756	-0.0523078	-0.0338071	0.0578675	-0.997752	0.988562	-0.144875	-0.0418982	
0.304853	-0.0627869	0.869524	-0.14774	-0.987615	-0.0528108	-0.0337154	0.0583949	-0.997724	0.988451	-0.145624	-0.0419251	
0.304691	-0.0631016	0.869564	-0.148507	-0.987473	-0.053314	-0.0336232	0.0589226	-0.997696	0.98834	-0.146372	-0.0419524	
0.304529	-0.0634162	0.869604	-0.149273	-0.98733	-0.0538174	-0.0335305	0.0594503	-0.997668	0.988227	-0.147121	-0.04198	
0.304367	-0.0637308	0.869644	-0.15004	-0.987187	-0.054321	-0.0334373	0.0599782	-0.997639	0.988114	-0.147869	-0.0420079	
0.30415	-0.0640475	0.86984	-0.150804	-0.987041	-0.0548387	-0.0330799	0.0604806	-0.997621	0.98801	-0.148632	-0.0417719	
0.303934	-0.0643642	0.870036	-0.151569	-0.986895	-0.0553568	-0.0327217	0.0609828	-0.997602	0.987905	-0.149394	-0.041536	
0.303717	-0.0646809	0.870231	-0.152333	-0.986748	-0.0558752	-0.0323629	0.0614849	-0.997583	0.987799	-0.150157	-0.0413002	
0.303499	-0.0649975	0.870427	-0.153097	-0.986601	-0.056394	-0.0320032	0.0619868	-0.997564	0.987693	-0.150919	-0.0410644	
0.303281	-0.065314	0.870622	-0.153861	-0.986452	-0.0569132	-0.0316429	0.0624886	-0.997544	0.987586	-0.151683	-0.0408288	
0.303063	-0.0656305	0.870817	-0.154625	-0.986302	-0.0574327	-0.0312818	0.0629903	-0.997524	0.987478	-0.152446	-0.0405932	
0.302845	-0.065947	0.871012	-0.155389	-0.986152	-0.0579526	-0.03092	0.0634917	-0.997503	0.987369	-0.153209	-0.0403577	
0.302626	-0.0662635	0.871207	-0.156153	-0.986001	-0.0584728	-0.0305574	0.0639931	-0.997482	0.98726	-0.153973	-0.0401223	
0.302407	-0.0665799	0.871402	-0.156916	-0.985848	-0.0589934	-0.0301941	0.0644943	-0.997461	0.98715	-0.154736	-0.039887	
0.302188	-0.0668962	0.871597	-0.157679	-0.985695	-0.0595144	-0.0298301	0.0649953	-0.99744	0.98704	-0.1555	-0.0396518	
0.301968	-0.0672126	0.871791	-0.158443	-0.985541	-0.0600357	-0.0294653	0.0654962	-0.997418	0.986928	-0.156265	-0.0394167	
0.301748	-0.0675289	0.871986	-0.159206	-0.985386	-0.0605574	-0.0290998	0.0659969	-0.997395	0.986816	-0.157029	-0.0391816	
0.301527	-0.0678451	0.87218	-0.159969	-0.985231	-0.0610794	-0.0287336	0.0664975	-0.997373	0.986704	-0.157793	-0.0389467	
0.301307	-0.0681613	0.872374	-0.160731	-0.985074	-0.0616018	-0.0283666	0.0669979	-0.99735	0.98659	-0.158558	-0.0387118	
0.301086	-0.0684775	0.872568	-0.161494	-0.984916	-0.0621245	-0.0279988	0.0674982	-0.997326	0.986476	-0.159323	-0.0384771	
0.300864	-0.0687936	0.872762	-0.162256	-0.984758	-0.0626477	-0.0276304	0.0679983	-0.997303	0.986362	-0.160088	-0.0382424	
0.300643	-0.0691097	0.872956	-0.163019	-0.984599	-0.0631711	-0.0272612	0.0684983	-0.997279	0.986246	-0.160853	-0.0380078	
0.300421	-0.0694257	0.873149	-0.163781	-0.984438	-0.0636949	-0.0268912	0.068998	-0.997254	0.98613	-0.161618	-0.0377733	
0.300198	-0.0697417	0.873343	-0.164543	-0.984277	-0.0642191	-0.0265205	0.0694977	-0.99723	0.986013	-0.162384	-0.0375389	
0.299976	-0.0700576	0.873536	-0.165304	-0.984118	-0.0647063	-0.0261553	0.0699603	-0.997207	0.985896	-0.16315	-0.0373046	
0.299752	-0.0703735	0.873729	-0.166063	-0.98396	-0.0651577	-0.0257954	0.070387	-0.997186	0.985778	-0.163915	-0.0370704	
0.299529	-0.0706894	0.873923	-0.166822	-0.983804	-0.0655745	-0.0254408	0.0707792	-0.997168	0.985659	-0.164681	-0.0368363	
0.299305	-0.0710052	0.874116	-0.16758	-0.98365	-0.0659581	-0.0250911	0.0711381	-0.997151	0.985539	-0.165448	-0.0366022	
0.299082	-0.0713206	0.874315	-0.168331	-0.983498	-0.0663101	-0.0246954	0.0714565	-0.997138	0.985421	-0.166211	-0.0363162	
0.298861	-0.0716325	0.874577	-0.169022	-0.983357	-0.0666331	-0.023856	0.0716677	-0.997143	0.985324	-0.166949	-0.0355723	
0.298639	-0.0719442	0.874838	-0.169711	-0.983219	-0.0669229	-0.0230221	0.0718449	-0.99715	0.985225	-0.167687	-0.0348286	
0.298417	-0.0722559	0.8751	-0.1704	-0.983082	-0.0671809	-0.0221934	0.0719897	-0.997158	0.985125	-0.168424	-0.034085	
0.298195	-0.0725675	0.875361	-0.171087	-0.982947	-0.0674084	-0.0213699	0.0721032	-0.997168	0.985024	-0.169162	-0.0333414	
0.297972	-0.072879	0.875622	-0.171773	-0.982814	-0.0676068	-0.0205514	0.0721869	-0.997179	0.984922	-0.169899	-0.0325979	
0.297749	-0.0731905	0.875883	-0.172459	-0.982682	-0.0677773	-0.0197376	0.0722419	-0.997192	0.984819	-0.170637	-0.0318546	
0.297526	-0.0735018	0.876143	-0.173143	-0.982552	-0.067921	-0.0189286	0.0722695	-0.997206	0.984715	-0.171374	-0.0311113	
0.297302	-0.0738131	0.876404	-0.173827	-0.982423	-0.068039	-0.0181241	0.0722706	-0.99722	0.984609	-0.172111	-0.0303681	
0.297078	-0.0741243	0.876665	-0.17451	-0.982295	-0.0681323	-0.017324	0.0722463	-0.997236	0.984503	-0.172848	-0.0296251	
0.296853	-0.0744354	0.876925	-0.175193	-0.982169	-0.0682019	-0.0165283	0.0721976	-0.997253	0.984395	-0.173585	-0.0288821	
0.296628	-0.0747464	0.877185	-0.175875	-0.982044	-0.0682486	-0.0157368	0.0721251	-0.997271	0.984287	-0.174321	-0.0281392	
0.296403	-0.0750573	0.877445	-0.176557	-0.98192	-0.0682731	-0.0149493	0.0720298	-0.99729	0.984177	-0.175058	-0.0273964	
0.296177	-0.0753681	0.877705	-0.177238	-0.981797	-0.0682761	-0.014166	0.0719123	-0.99731	0.984066	-0.175794	-0.0266537	
0.295951	-0.0756789	0.877965	-0.177919	-0.981675	-0.0682582	-0.0133867	0.0717731	-0.997331	0.983954	-0.17653	-0.0259111	
0.295724	-0.0759895	0.878225	-0.1786	-0.981554	-0.0682199	-0.0126113	0.0716127	-0.997353	0.983841	-0.177267	-0.0251687	
0.295497	-0.0763001	0.878484	-0.17928	-0.981434	-0.0681616	-0.0118399	0.0714315	-0.997375	0.983727	-0.178003	-0.0244263	
0.29527	-0.0766106	0.878744	-0.17996	-0.981315	-0.0680834	-0.0110723	0.0712298	-0.997398	0.983612	-0.178738	-0.023684	
0.295043	-0.076921	0.879003	-0.180641	-0.981197	-0.0679857	-0.0103088	0.0710079	-0.997422	0.983495	-0.179474	-0.0229418	
0.294815	-0.0772313	0.879262	-0.181321	-0.981079	-0.0678685	-0.00954917	0.0707657	-0.997447	0.983378	-0.18021	-0.0221998	
0.294586	-0.0775415	0.879521	-0.182001	-0.980963	-0.0677318	-0.00879358	0.0705032	-0.997473	0.983259	-0.180945	-0.0214578	
0.294357	-0.0778516	0.87978	-0.182681	-0.980847	-0.0675754	-0.00804205	0.0702204	-0.997499	0.983139	-0.18168	-0.0207159	
0.294128	-0.0781616	0.880039	-0.183361	-0.980732	-0.0673991	-0.00729469	0.0699171	-0.997526	0.983019	-0.182416	-0.0199742	
0.293899	-0.0784716	0.880297	-0.184041	-0.980619	-0.0672026	-0.00655159	0.0695928	-0.997554	0.982897	-0.183151	-0.0192326	
0.293669	-0.0787814	0.880556	-0.184721	-0.980505	-0.0669855	-0.00581287	0.0692473	-0.997583	0.982774	-0.183886	-0.018491	
0.2935	-0.0786344	0.880845	-0.184755	-0.980539	-0.066402	-0.00512701	0.0685259	-0.997636	0.982771	-0.183978	-0.0176878	
0.293367	-0.0783427	0.881131	-0.18418	-0.980655	-0.066279	-0.0044149	0.0682573	-0.997658	0.982883	-0.183456	-0.0169012	
0.293239	-0.0780236	0.881416	-0.183405	-0.980782	-0.0665494	-0.00365825	0.0683782	-0.997653	0.983031	-0.182731	-0.0161288	
0.293111	-0.0777037	0.881701	-0.182624	-0.98091	-0.0668139	-0.00290357	0.0684945	-0.997647	0.983179	-0.182001	-0.0153569	
0.292982	-0.0773838	0.881985	-0.181843	-0.981038	-0.0670615	-0.00215216	0.0685955	-0.997642	0.983325	-0.18127	-0.0145849	
0.292853	-0.077064	0.882269	-0.181061	-0.981167	-0.0672917	-0.00140408	0.0686804	-0.997638	0.983471	-0.180539	-0.013813	
0.292723	-0.0767441	0.882554	-0.180279	-0.981297	-0.0675037	-0.000659415	0.0687487	-0.997634	0.983615	-0.179808	-0.013041	
0.292593	-0.0764242	0.882838	-0.179496	-0.981427	-0.0676968	8.1739e-05	0.0687996	-0.99763	0.983759	-0.179076	-0.012269	
0.292463	-0.0761043	0.883122	-0.178713	-0.981558	-0.0678703	0.000819296	0.0688324	-0.997628	0.983901	-0.178345	-0.0114971	
0.292332	-0.0757844	0.883406	-0.17793	-0.981689	-0.0680235	0.00155316	0.0688463	-0.997626	0.984042	-0.177613	-0.0107251	
0.292201	-0.0754645	0.883689	-0.177146	-0.981822	-0.0681554	0.00228324	0.0688405	-0.997625	0.984182	-0.176881	-0.0099531	
0.29207	-0.0751446	0.883973	-0.176363	-0.981955	-0.0682653	0.00300943	0.0688142	-0.997625	0.984321	-0.176149	-0.00918112	
0.291938	-0.0748246	0.884256	-0.175579	-0.98209	-0.0683523	0.00373163	0.0687665	-0.997626	0.984458	-0.175417	-0.00840914	
0.291806	-0.0745047	0.88454	-0.174795	-0.982225	-0.0684155	0.00444973	0.0686965	-0.997628	0.984595	-0.174685	-0.00763716	
0.291673	-0.0741847	0.884823	-0.174011	-0.982362	-0.068454	0.00516362	0.0686033	-0.997631	0.98473	-0.173952	-0.00686518	
0.29154	-0.0738648	0.885106	-0.173227	-0.982499	-0.0684668	0.00587319	0.068486	-0.997635	0.984864	-0.173219	-0.00609321	
0.291406	-0.0735448	0.88539	-0.172443	-0.982638	-0.0684528	0.00657834	0.0683435	-0.99764	0.984998	-0.172486	-0.00532124	
0.291272	-0.0732248	0.885673	-0.171659	-0.982778	-0.0684112	0.00727894	0.0681748	-0.997647	0.985129	-0.171753	-0.00454927	
0.291138	-0.0729049	0.885955	-0.170876	-0.98292	-0.0683409	0.00797487	0.067979	-0.997655	0.98526	-0.17102	-0.00377731	
0.291004	-0.0725849	0.886238	-0.170093	-0.983062	-0.0682406	0.00866603	0.0677548	-0.997664	0.98539	-0.170287	-0.00300535	
0.290869	-0.0722649	0.886521	-0.16931	-0.983207	-0.0681095	0.00935229	0.0675013	-0.997675	0.985519	-0.169553	-0.0022334	
0.290733	-0.0719449	0.886803	-0.168527	-0.983352	-0.0679463	0.0100335	0.0672173	-0.997688	0.985646	-0.168819	-0.00146146	
0.290597	-0.0716249	0.887086	-0.167745	-0.9835	-0.0677499	0.0107096	0.0669016	-0.997702	0.985772	-0.168086	-0.000689523	
0.290461	-0.0713049	0.887368	-0.166964	-0.983648	-0.067519	0.0113805	0.0665531	-0.997718	0.985897	-0.167351	8.24018e-05	
0.290325	-0.0709849	0.887651	-0.166183	-0.983799	-0.0672526	0.0120459	0.0661705	-0.997736	0.986021	-0.166617	0.000854316	
0.290188	-0.0706649	0.887933	-0.165404	-0.983951	-0.0669493	0.0127059	0.0657527	-0.997755	0.986144	-0.165883	0.00162622	
0.29005	-0.0703449	0.888215	-0.164625	-0.984105	-0.066608	0.0133602	0.0652984	-0.997776	0.986266	-0.165148	0.00239811	
0.289912	-0.0700249	0.888497	-0.163846	-0.98426	-0.0662273	0.0140088	0.0648063	-0.9978	0.986386	-0.164414	0.00316999	
0.289774	-0.0697049	0.888778	-0.163069	-0.984418	-0.065806	0.0146515	0.0642752	-0.997825	0.986506	-0.163679	0.00394186	
0.289636	-0.0693849	0.88906	-0.162293	-0.984576	-0.0653527	0.0152898	0.0637135	-0.997851	0.986624	-0.162944	0.00471371	
0.289497	-0.0690649	0.889342	-0.161518	-0.984734	-0.0648989	0.015929	0.0631524	-0.997877	0.986741	-0.162209	0.00548555	
0.289358	-0.0687448	0.889623	-0.160743	-0.98489	-0.0644447	0.0165689	0.0625919	-0.997902	0.986857	-0.161473	0.00625737	
0.289218	-0.0684248	0.889904	-0.159968	-0.985046	-0.06399	0.0172097	0.0620319	-0.997926	0.986972	-0.160738	0.00702917	
0.289078	-0.0681048	0.890185	-0.159195	-0.985201	-0.0635349	0.0178512	0.0614726	-0.997949	0.987086	-0.160002	0.00780096	
0.288937	-0.0677848	0.890467	-0.158421	-0.985355	-0.0630794	0.0184936	0.0609138	-0.997972	0.987198	-0.159266	0.00857272	
0.288796	-0.0674648	0.890748	-0.157648	-0.985508	-0.0626234	0.0191368	0.0603556	-0.997993	0.98731	-0.158531	0.00934447	
0.288655	-0.0671448	0.891028	-0.156876	-0.98566	-0.062167	0.0197807	0.0597979	-0.998014	0.98742	-0.157794	0.0101162	
0.288513	-0.0668247	0.891309	-0.156105	-0.985811	-0.0617101	0.0204255	0.0592409	-0.998035	0.987529	-0.157058	0.0108879	
0.288371	-0.0665047	0.89159	-0.155333	-0.985961	-0.0612527	0.0210711	0.0586844	-0.998054	0.987637	-0.156322	0.0116596	
0.288229	-0.0661847	0.89187	-0.154563	-0.986111	-0.060795	0.0217174	0.0581285	-0.998073	0.987744	-0.155585	0.0124313	
0.288086	-0.0658647	0.892151	-0.153793	-0.986259	-0.0603368	0.0223646	0.0575732	-0.998091	0.98785	-0.154849	0.0132029	
0.287943	-0.0655447	0.892431	-0.153024	-0.986407	-0.0598781	0.0230125	0.0570184	-0.998108	0.987955	-0.154112	0.0139745	
0.287799	-0.0652247	0.892711	-0.152255	-0.986554	-0.059419	0.0236612	0.0564643	-0.998124	0.988058	-0.153375	0.0147461	
0.287655	-0.0649047	0.892991	-0.151486	-0.986699	-0.0589595	0.0243107	0.0559107	-0.99814	0.98816	-0.152638	0.0155177	
0.287511	-0.0645847	0.893271	-0.150719	-0.986844	-0.0584995	0.024961	0.0553578	-0.998155	0.988262	-0.151901	0.0162892	
0.287366	-0.0642647	0.893551	-0.149952	-0.986988	-0.0580391	0.0256121	0.0548054	-0.998169	0.988362	-0.151163	0.0170607	
0.287221	-0.0639447	0.893831	-0.149185	-0.987131	-0.0575783	0.026264	0.0542536	-0.998182	0.98846	-0.150426	0.0178322	
0.287075	-0.0636247	0.89411	-0.148419	-0.987274	-0.057117	0.0269167	0.0537024	-0.998194	0.988558	-0.149688	0.0186036	
0.286929	-0.0633047	0.89439	-0.147654	-0.987415	-0.0566554	0.0275701	0.0531518	-0.998206	0.988655	-0.148951	0.0193751	
0.286783	-0.0629847	0.894669	-0.146889	-0.987556	-0.0561932	0.0282243	0.0526018	-0.998217	0.98875	-0.148213	0.0201465	
0.286636	-0.0626647	0.894948	-0.146124	-0.987695	-0.0557307	0.0288793	0.0520524	-0.998227	0.988845	-0.147475	0.0209178	
0.286489	-0.0623447	0.895228	-0.145361	-0.987834	-0.0552677	0.0295351	0.0515036	-0.998236	0.988938	-0.146737	0.0216892	
0.286342	-0.0620248	0.895507	-0.144597	-0.987972	-0.0548043	0.0301916	0.0509553	-0.998244	0.98903	-0.145998	0.0224604	
0.286194	-0.0617048	0.895786	-0.143835	-0.988109	-0.0543404	0.0308489	0.0504077	-0.998252	0.989121	-0.14526	0.0232317	
0.286045	-0.0613849	0.896064	-0.143073	-0.988245	-0.0538762	0.031507	0.0498607	-0.998259	0.989211	-0.144521	0.0240029	
0.285897	-0.0610649	0.896343	-0.142312	-0.98838	-0.0534115	0.0321659	0.0493143	-0.998265	0.989299	-0.143783	0.0247741	
0.285748	-0.060745	0.896622	-0.141551	-0.988514	-0.0529464	0.0328255	0.0487685	-0.998271	0.989387	-0.143044	0.0255453	
0.285598	-0.0604251	0.8969	-0.14079	-0.988647	-0.0524808	0.0334859	0.0482233	-0.998275	0.989473	-0.142305	0.0263164	
0.285448	-0.0601051	0.897178	-0.140031	-0.98878	-0.0520149	0.0341471	0.0476787	-0.998279	0.989558	-0.141566	0.0270875	
0.285298	-0.0597852	0.897456	-0.139272	-0.988912	-0.0515485	0.034809	0.0471347	-0.998282	0.989642	-0.140827	0.0278585	
0.285147	-0.0594653	0.897734	-0.138513	-0.989042	-0.0510817	0.0354717	0.0465913	-0.998284	0.989725	-0.140088	0.0286295	
0.284996	-0.0591454	0.898012	-0.137755	-0.989172	-0.0506145	0.0361351	0.0460485	-0.998285	0.989807	-0.139348	0.0294004	
0.284845	-0.0588255	0.89829	-0.136998	-0.989301	-0.0501469	0.0367994	0.0455064	-0.998286	0.989888	-0.138609	0.0301714	
0.284693	-0.0585056	0.898568	-0.136241	-0.989429	-0.0496789	0.0374643	0.0449648	-0.998286	0.989967	-0.137869	0.0309422	
0.284541	-0.0581858	0.898846	-0.135485	-0.989557	-0.0492104	0.03813	0.0444239	-0.998285	0.990045	-0.137129	0.0317131	
0.284388	-0.0578659	0.899123	-0.13473	-0.989683	-0.0487415	0.0387965	0.0438836	-0.998283	0.990123	-0.136389	0.0324838	
0.284235	-0.0575461	0.8994	-0.133975	-0.989808	-0.0482723	0.0394638	0.0433438	-0.99828	0.990199	-0.135649	0.0332546	
0.284082	-0.0572262	0.899678	-0.13322	-0.989933	-0.0478026	0.0401318	0.0428048	-0.998277	0.990274	-0.134909	0.0340253	
0.283928	-0.0569064	0.899955	-0.132467	-0.990057	-0.0473325	0.0408005	0.0422663	-0.998273	0.990347	-0.134169	0.0347959	
0.283774	-0.0565866	0.900232	-0.131714	-0.99018	-0.046862	0.04147	0.0417284	-0.998268	0.99042	-0.133429	0.0355665	
0.28362	-0.0562668	0.900509	-0.130961	-0.990302	-0.046391	0.0421402	0.0411912	-0.998262	0.990492	-0.132688	0.0363371	
0.283465	-0.055947	0.900785	-0.130209	-0.990423	-0.0459197	0.0428112	0.0406546	-0.998256	0.990562	-0.131948	0.0371076	
0.283309	-0.0556272	0.901062	-0.129458	-0.990543	-0.045448	0.0434829	0.0401186	-0.998248	0.990631	-0.131207	0.037878	
0.283154	-0.0553075	0.901338	-0.128707	-0.990662	-0.0449759	0.0441554	0.0395832	-0.99824	0.990699	-0.130466	0.0386484	
0.282997	-0.0549877	0.901615	-0.127957	-0.990781	-0.0445033	0.0448286	0.0390485	-0.998231	0.990766	-0.129726	0.0394188	
0.282841	-0.054668	0.901891	-0.127207	-0.990898	-0.0440304	0.0455025	0.0385144	-0.998221	0.990832	-0.128985	0.0401891	
0.282684	-0.0543483	0.902167	-0.126458	-0.991015	-0.0435571	0.0461772	0.0379809	-0.998211	0.990897	-0.128244	0.0409593	
0.282527	-0.0540286	0.902443	-0.12571	-0.991131	-0.0430833	0.0468526	0.037448	-0.9982	0.99096	-0.127502	0.0417295	
0.282369	-0.0537089	0.902719	-0.124962	-0.991246	-0.0426092	0.0475288	0.0369158	-0.998187	0.991022	-0.126761	0.0424996	
0.282211	-0.0533892	0.902995	-0.124215	-0.99136	-0.0421347	0.0482057	0.0363842	-0.998175	0.991084	-0.12602	0.0432697	
