0.32182	-0.00181315	0.874122	-0.00359909	-0.999993	-0.000709212	-0.0113716	0.000750098	-0.999935	0.999929	-0.00359079	-0.0113743	
0.324538	-0.00359154	0.869638	-0.00711663	-0.999974	-0.00139551	-0.023535	0.00156266	-0.999722	0.999698	-0.00708181	-0.0235455	
0.327202	-0.00537263	0.865136	-0.0106321	-0.999941	-0.00207143	-0.0356916	0.00244972	-0.99936	0.999306	-0.0105514	-0.0357156	
0.329812	-0.00715441	0.860642	-0.0141461	-0.999896	-0.00273376	-0.0476519	0.00340508	-0.998858	0.998764	-0.0139997	-0.0476951	
0.330699	-0.00893025	0.85917	-0.0176623	-0.999838	-0.0034019	-0.0513312	0.00430471	-0.998672	0.998525	-0.0174643	-0.051399	
0.330661	-0.0107105	0.859156	-0.0211974	-0.999767	-0.00408231	-0.0513322	0.00516619	-0.998668	0.998457	-0.0209596	-0.0514297	
0.330606	-0.0124948	0.859156	-0.0247405	-0.999683	-0.00476448	-0.0512891	0.00602896	-0.998666	0.998377	-0.0244632	-0.051422	
0.330542	-0.0142786	0.859157	-0.0282829	-0.999585	-0.00544662	-0.0512389	0.00689137	-0.998663	0.998286	-0.027966	-0.0514126	
0.33047	-0.0160618	0.859158	-0.031824	-0.999475	-0.00612865	-0.051182	0.00775333	-0.998659	0.998182	-0.0314677	-0.0514019	
0.33039	-0.0178442	0.85916	-0.0353639	-0.999351	-0.00681058	-0.0511185	0.00861477	-0.998655	0.998066	-0.0349682	-0.05139	
0.330302	-0.0196259	0.859161	-0.0389024	-0.999215	-0.00749239	-0.0510483	0.00947562	-0.998651	0.997938	-0.0384674	-0.0513768	
0.330206	-0.0214066	0.859162	-0.0424393	-0.999066	-0.00817405	-0.0509715	0.0103358	-0.998647	0.997798	-0.0419652	-0.0513625	
0.330101	-0.0231864	0.859164	-0.0459744	-0.998903	-0.00885556	-0.050888	0.0111954	-0.998642	0.997646	-0.0454613	-0.0513469	
0.329989	-0.0249652	0.859166	-0.0495076	-0.998728	-0.0095369	-0.0507979	0.0120541	-0.998636	0.997481	-0.0489557	-0.0513301	
0.329868	-0.0267428	0.859168	-0.0530389	-0.99854	-0.0102181	-0.0507012	0.012912	-0.99863	0.997305	-0.0524482	-0.051312	
0.329739	-0.0285193	0.859169	-0.0565679	-0.998339	-0.010899	-0.0505979	0.0137691	-0.998624	0.997116	-0.0559386	-0.0512928	
0.329602	-0.0302944	0.859172	-0.0600946	-0.998126	-0.0115798	-0.050488	0.0146252	-0.998618	0.996915	-0.0594269	-0.0512723	
0.329457	-0.0320682	0.859174	-0.0636189	-0.997899	-0.0122603	-0.0503716	0.0154803	-0.998611	0.996702	-0.0629129	-0.0512506	
0.329304	-0.0338405	0.859176	-0.0671406	-0.99766	-0.0129405	-0.0502486	0.0163344	-0.998603	0.996477	-0.0663965	-0.0512277	
0.329143	-0.0356114	0.859178	-0.0706595	-0.997407	-0.0136205	-0.0501191	0.0171873	-0.998595	0.996241	-0.0698776	-0.0512036	
0.328974	-0.0373806	0.859181	-0.0741755	-0.997143	-0.0143002	-0.049983	0.0180391	-0.998587	0.995992	-0.0733559	-0.0511783	
0.328796	-0.0391481	0.859184	-0.0776885	-0.996865	-0.0149797	-0.0498405	0.0188896	-0.998579	0.995731	-0.0768314	-0.0511518	
0.328611	-0.0409139	0.859186	-0.0811982	-0.996575	-0.0156588	-0.0496915	0.0197389	-0.99857	0.995458	-0.080304	-0.0511241	
0.328418	-0.0426779	0.859189	-0.0847047	-0.996272	-0.0163376	-0.049536	0.0205868	-0.99856	0.995174	-0.0837735	-0.0510952	
0.328217	-0.04444	0.859192	-0.0882077	-0.995957	-0.0170161	-0.0493741	0.0214332	-0.99855	0.994878	-0.0872397	-0.0510651	
0.328008	-0.0462	0.859195	-0.0917071	-0.995629	-0.0176942	-0.0492058	0.0222783	-0.99854	0.99457	-0.0907026	-0.0510338	
0.327791	-0.047958	0.859198	-0.0952028	-0.995288	-0.0183719	-0.0490311	0.0231217	-0.99853	0.99425	-0.094162	-0.0510014	
0.327567	-0.0497139	0.859202	-0.0986946	-0.994935	-0.0190493	-0.0488501	0.0239637	-0.998519	0.993918	-0.0976178	-0.0509678	
0.327334	-0.0514675	0.859205	-0.102182	-0.99457	-0.0197263	-0.0486627	0.024804	-0.998507	0.993575	-0.10107	-0.050933	
0.327094	-0.0532189	0.859209	-0.105666	-0.994192	-0.0204028	-0.048469	0.0256426	-0.998495	0.99322	-0.104518	-0.050897	
0.326846	-0.0549679	0.859212	-0.109145	-0.993802	-0.021079	-0.048269	0.0264794	-0.998483	0.992853	-0.107962	-0.0508599	
0.32659	-0.0567144	0.859216	-0.11262	-0.9934	-0.0217546	-0.0480627	0.0273145	-0.998471	0.992475	-0.111402	-0.0508217	
0.326327	-0.0584585	0.85922	-0.116091	-0.992985	-0.0224299	-0.0478502	0.0281477	-0.998458	0.992085	-0.114838	-0.0507823	
0.326055	-0.0601999	0.859224	-0.119556	-0.992559	-0.0231047	-0.0476316	0.028979	-0.998445	0.991684	-0.11827	-0.0507417	
0.325777	-0.0619387	0.859228	-0.123017	-0.99212	-0.0237789	-0.0474067	0.0298084	-0.998431	0.991272	-0.121697	-0.0507	
0.32549	-0.0636748	0.859232	-0.126473	-0.991669	-0.0244527	-0.0471757	0.0306357	-0.998417	0.990848	-0.125119	-0.0506572	
0.325196	-0.0654081	0.859236	-0.129924	-0.991206	-0.025126	-0.0469386	0.031461	-0.998402	0.990412	-0.128537	-0.0506133	
0.324895	-0.0671385	0.859241	-0.133369	-0.990731	-0.0257988	-0.0466954	0.0322842	-0.998387	0.989966	-0.131949	-0.0505683	
0.324586	-0.0688659	0.859245	-0.136809	-0.990244	-0.026471	-0.0464462	0.0331052	-0.998372	0.989508	-0.135357	-0.0505221	
0.324269	-0.0705904	0.85925	-0.140244	-0.989745	-0.0271426	-0.0461909	0.0339239	-0.998356	0.989039	-0.13876	-0.0504749	
0.323945	-0.0723117	0.859254	-0.143673	-0.989234	-0.0278137	-0.0459297	0.0347405	-0.99834	0.988559	-0.142157	-0.0504265	
0.323614	-0.07403	0.859259	-0.147097	-0.988712	-0.0284842	-0.0456626	0.0355547	-0.998324	0.988068	-0.14555	-0.0503771	
0.323275	-0.075745	0.859264	-0.150514	-0.988178	-0.0291542	-0.0453895	0.0363665	-0.998307	0.987565	-0.148936	-0.0503266	
0.322929	-0.0774567	0.859269	-0.153926	-0.987632	-0.0298235	-0.0451106	0.0371759	-0.99829	0.987052	-0.152317	-0.050275	
0.322575	-0.079165	0.859273	-0.157332	-0.987075	-0.0304921	-0.0448258	0.0379829	-0.998272	0.986528	-0.155693	-0.0502223	
0.322215	-0.08087	0.859279	-0.160731	-0.986506	-0.0311602	-0.0445352	0.0387874	-0.998255	0.985993	-0.159063	-0.0501686	
0.321847	-0.0825715	0.859284	-0.164124	-0.985926	-0.0318276	-0.0442389	0.0395893	-0.998236	0.985447	-0.162426	-0.0501139	
0.321472	-0.0842694	0.859289	-0.16751	-0.985335	-0.0324943	-0.0439369	0.0403886	-0.998218	0.984891	-0.165784	-0.050058	
0.32109	-0.0859637	0.859294	-0.17089	-0.984732	-0.0331604	-0.0436292	0.0411853	-0.998199	0.984324	-0.169136	-0.0500012	
0.320701	-0.0876544	0.859299	-0.174264	-0.984118	-0.0338257	-0.0433158	0.0419792	-0.998179	0.983746	-0.172481	-0.0499433	
0.320305	-0.0893413	0.859305	-0.17763	-0.983493	-0.0344904	-0.0429969	0.0427705	-0.998159	0.983158	-0.17582	-0.0498844	
0.319902	-0.0910245	0.85931	-0.18099	-0.982856	-0.0351543	-0.0426724	0.0435589	-0.998139	0.982559	-0.179153	-0.0498245	
0.319492	-0.0927037	0.859316	-0.184342	-0.982209	-0.0358176	-0.0423424	0.0443446	-0.998119	0.98195	-0.182479	-0.0497636	
0.319075	-0.0943791	0.859321	-0.187688	-0.981551	-0.03648	-0.0420069	0.0451274	-0.998098	0.98133	-0.185798	-0.0497017	
0.318651	-0.0960505	0.859327	-0.191026	-0.980882	-0.0371417	-0.041666	0.0459072	-0.998076	0.9807	-0.189111	-0.0496389	
0.31822	-0.0977178	0.859333	-0.194357	-0.980202	-0.0378027	-0.0413197	0.0466842	-0.998055	0.98006	-0.192417	-0.049575	
0.317783	-0.0993811	0.859339	-0.19768	-0.979512	-0.0384629	-0.040968	0.0474581	-0.998033	0.97941	-0.195716	-0.0495102	
0.317339	-0.10104	0.859345	-0.200996	-0.97881	-0.0391222	-0.0406111	0.048229	-0.99801	0.97875	-0.199007	-0.0494444	
0.316889	-0.102695	0.85935	-0.204304	-0.978099	-0.0397808	-0.0402489	0.0489969	-0.997988	0.97808	-0.202292	-0.0493777	
0.316431	-0.104346	0.859356	-0.207605	-0.977377	-0.0404386	-0.0398815	0.0497616	-0.997965	0.977399	-0.20557	-0.04931	
0.315968	-0.105992	0.859362	-0.210897	-0.976644	-0.0410955	-0.0395089	0.0505232	-0.997941	0.976709	-0.20884	-0.0492414	
0.315497	-0.107634	0.859369	-0.214182	-0.975901	-0.0417516	-0.0391313	0.0512817	-0.997917	0.97601	-0.212102	-0.0491719	
0.315021	-0.109272	0.859375	-0.217459	-0.975148	-0.0424068	-0.0387485	0.0520369	-0.997893	0.9753	-0.215357	-0.0491014	
0.314537	-0.110905	0.859381	-0.220727	-0.974385	-0.0430612	-0.0383608	0.0527889	-0.997869	0.974581	-0.218605	-0.0490301	
0.314048	-0.112533	0.859387	-0.223987	-0.973611	-0.0437147	-0.037968	0.0535376	-0.997844	0.973852	-0.221845	-0.0489578	
0.313552	-0.114157	0.859393	-0.227239	-0.972828	-0.0443673	-0.0375704	0.0542829	-0.997819	0.973114	-0.225077	-0.0488847	
0.31305	-0.115777	0.8594	-0.230483	-0.972035	-0.045019	-0.0371678	0.0550249	-0.997793	0.972366	-0.228301	-0.0488107	
0.312542	-0.117391	0.859406	-0.233717	-0.971231	-0.0456698	-0.0367605	0.0557636	-0.997767	0.971609	-0.231517	-0.0487358	
0.312028	-0.119001	0.859412	-0.236944	-0.970419	-0.0463196	-0.0363483	0.0564988	-0.997741	0.970843	-0.234725	-0.0486601	
0.311507	-0.120607	0.859419	-0.240161	-0.969596	-0.0469686	-0.0359314	0.0572306	-0.997714	0.970068	-0.237925	-0.0485836	
0.310981	-0.122207	0.859425	-0.24337	-0.968764	-0.0476165	-0.0355099	0.0579589	-0.997687	0.969283	-0.241116	-0.0485061	
0.310449	-0.123803	0.859432	-0.24657	-0.967922	-0.0482636	-0.0350837	0.0586837	-0.99766	0.96849	-0.2443	-0.0484279	
0.30991	-0.125393	0.859438	-0.249761	-0.967072	-0.0489096	-0.0346529	0.0594049	-0.997632	0.967687	-0.247475	-0.0483489	
0.309366	-0.126979	0.859445	-0.252943	-0.966211	-0.0495547	-0.0342176	0.0601226	-0.997604	0.966876	-0.250641	-0.048269	
0.308816	-0.12856	0.859451	-0.256116	-0.965342	-0.0501988	-0.0337778	0.0608367	-0.997576	0.966056	-0.253799	-0.0481884	
0.308261	-0.130135	0.859458	-0.259279	-0.964463	-0.0508419	-0.0333336	0.0615471	-0.997547	0.965227	-0.256949	-0.0481069	
0.307699	-0.131706	0.859464	-0.262434	-0.963576	-0.051484	-0.032885	0.062254	-0.997518	0.964389	-0.260089	-0.0480247	
0.307132	-0.133271	0.859471	-0.265579	-0.962679	-0.0521251	-0.0324321	0.0629571	-0.997489	0.963543	-0.263221	-0.0479417	
0.30656	-0.134832	0.859477	-0.268714	-0.961774	-0.0527651	-0.0319749	0.0636566	-0.997459	0.962689	-0.266345	-0.047858	
0.305982	-0.136387	0.859484	-0.271841	-0.960859	-0.0534041	-0.0315134	0.0643523	-0.99743	0.961826	-0.269459	-0.0477735	
0.305398	-0.137937	0.859491	-0.274957	-0.959936	-0.0540421	-0.0310478	0.0650443	-0.997399	0.960955	-0.272564	-0.0476883	
0.304809	-0.139482	0.859497	-0.278064	-0.959005	-0.054679	-0.0305781	0.0657325	-0.997369	0.960076	-0.27566	-0.0476024	
0.304215	-0.141021	0.859504	-0.281161	-0.958065	-0.0553148	-0.0301043	0.0664169	-0.997338	0.959188	-0.278748	-0.0475157	
0.303615	-0.142555	0.85951	-0.284249	-0.957117	-0.0559496	-0.0296264	0.0670975	-0.997306	0.958293	-0.281825	-0.0474283	
0.303011	-0.144084	0.859517	-0.287326	-0.95616	-0.0565832	-0.0291446	0.0677743	-0.997275	0.957389	-0.284894	-0.0473403	
0.302401	-0.145607	0.859524	-0.290394	-0.955195	-0.0572158	-0.0286589	0.0684472	-0.997243	0.956478	-0.287954	-0.0472515	
0.301786	-0.147125	0.85953	-0.293452	-0.954222	-0.0578472	-0.0281694	0.0691163	-0.997211	0.955559	-0.291004	-0.0471621	
0.301165	-0.148637	0.859537	-0.2965	-0.953241	-0.0584776	-0.027676	0.0697814	-0.997178	0.954632	-0.294045	-0.047072	
0.30054	-0.150144	0.859544	-0.299537	-0.952252	-0.0591068	-0.0271788	0.0704427	-0.997145	0.953697	-0.297076	-0.0469813	
0.29991	-0.151645	0.85955	-0.302565	-0.951255	-0.0597349	-0.026678	0.0711	-0.997112	0.952755	-0.300098	-0.0468899	
0.299275	-0.153141	0.859557	-0.305582	-0.95025	-0.0603618	-0.0261735	0.0717534	-0.997079	0.951806	-0.30311	-0.0467979	
0.298635	-0.154631	0.859563	-0.30859	-0.949238	-0.0609876	-0.0256654	0.0724028	-0.997045	0.950849	-0.306112	-0.0467053	
0.297991	-0.156116	0.85957	-0.311586	-0.948218	-0.0616123	-0.0251537	0.0730482	-0.997011	0.949885	-0.309105	-0.046612	
0.297342	-0.157594	0.859576	-0.314573	-0.947191	-0.0622357	-0.0246386	0.0736897	-0.996977	0.948913	-0.312088	-0.0465182	
0.296688	-0.159068	0.859583	-0.317549	-0.946156	-0.062858	-0.02412	0.0743272	-0.996942	0.947935	-0.315062	-0.0464238	
0.296029	-0.160535	0.859589	-0.320515	-0.945114	-0.0634791	-0.023598	0.0749606	-0.996907	0.94695	-0.318025	-0.0463287	
0.295366	-0.161997	0.859596	-0.32347	-0.944065	-0.0640991	-0.0230726	0.07559	-0.996872	0.945957	-0.320979	-0.0462331	
0.294699	-0.163453	0.859602	-0.326415	-0.943009	-0.0647178	-0.022544	0.0762154	-0.996836	0.944958	-0.323923	-0.046137	
0.294027	-0.164903	0.859609	-0.329349	-0.941945	-0.0653353	-0.0220121	0.0768367	-0.996801	0.943952	-0.326857	-0.0460403	
0.293351	-0.166348	0.859615	-0.332272	-0.940875	-0.0659516	-0.0214771	0.0774539	-0.996765	0.942939	-0.329781	-0.045943	
0.29339	-0.166267	0.859613	-0.332108	-0.940935	-0.0659168	-0.0215116	0.0774207	-0.996766	0.942996	-0.329616	-0.045953	
0.293388	-0.166272	0.859613	-0.332117	-0.940932	-0.0659188	-0.0215094	0.0774225	-0.996766	0.942993	-0.329625	-0.0459522	
0.293388	-0.166271	0.859613	-0.332117	-0.940932	-0.0659187	-0.0215095	0.0774224	-0.996766	0.942993	-0.329625	-0.0459523	
0.293388	-0.166271	0.859613	-0.332117	-0.940932	-0.0659187	-0.0215095	0.0774224	-0.996766	0.942993	-0.329625	-0.0459523	
0.293388	-0.166271	0.859613	-0.332117	-0.940932	-0.0659187	-0.0215095	0.0774224	-0.996766	0.942993	-0.329625	-0.0459523	
0.293388	-0.166271	0.859613	-0.332117	-0.940932	-0.0659187	-0.0215095	0.0774224	-0.996766	0.942993	-0.329625	-0.0459523	
0.293388	-0.166271	0.859613	-0.332117	-0.940932	-0.0659187	-0.0215095	0.0774224	-0.996766	0.942993	-0.329625	-0.0459523	
0.293388	-0.166271	0.859613	-0.332117	-0.940932	-0.0659187	-0.0215095	0.0774224	-0.996766	0.942993	-0.329625	-0.0459523	
0.293388	-0.166271	0.859613	-0.332117	-0.940932	-0.0659187	-0.0215095	0.0774224	-0.996766	0.942993	-0.329625	-0.0459523	
0.293388	-0.166271	0.859613	-0.332117	-0.940932	-0.0659187	-0.0215095	0.0774224	-0.996766	0.942993	-0.329625	-0.0459523	
0.293388	-0.166271	0.859613	-0.332117	-0.940932	-0.0659187	-0.0215095	0.0774224	-0.996766	0.942993	-0.329625	-0.0459523	
0.293388	-0.166271	0.859613	-0.332117	-0.940932	-0.0659187	-0.0215095	0.0774224	-0.996766	0.942993	-0.329625	-0.0459523	
0.293388	-0.166271	0.859613	-0.332117	-0.940932	-0.0659187	-0.0215095	0.0774224	-0.996766	0.942993	-0.329625	-0.0459523	
0.293388	-0.166271	0.859613	-0.332117	-0.940932	-0.0659187	-0.0215095	0.0774224	-0.996766	0.942993	-0.329625	-0.0459523	
0.293388	-0.166271	0.859613	-0.332117	-0.940932	-0.0659187	-0.0215095	0.0774224	-0.996766	0.942993	-0.329625	-0.0459523	
0.293388	-0.166271	0.859613	-0.332117	-0.940932	-0.0659187	-0.0215095	0.0774224	-0.996766	0.942993	-0.329625	-0.0459523	
0.293388	-0.166271	0.859613	-0.332117	-0.940932	-0.0659187	-0.0215095	0.0774224	-0.996766	0.942993	-0.329625	-0.0459523	
0.293388	-0.166271	0.859613	-0.332117	-0.940932	-0.0659187	-0.0215095	0.0774224	-0.996766	0.942993	-0.329625	-0.0459523	
0.293388	-0.166271	0.859613	-0.332117	-0.940932	-0.0659187	-0.0215095	0.0774224	-0.996766	0.942993	-0.329625	-0.0459523	
0.293388	-0.166271	0.859613	-0.332117	-0.940932	-0.0659187	-0.0215095	0.0774224	-0.996766	0.942993	-0.329625	-0.0459523	
0.293388	-0.166271	0.859613	-0.332117	-0.940932	-0.0659187	-0.0215095	0.0774224	-0.996766	0.942993	-0.329625	-0.0459523	
0.293388	-0.166271	0.859613	-0.332117	-0.940932	-0.0659187	-0.0215095	0.0774224	-0.996766	0.942993	-0.329625	-0.0459523	
0.293388	-0.166271	0.859613	-0.332117	-0.940932	-0.0659187	-0.0215095	0.0774224	-0.996766	0.942993	-0.329625	-0.0459523	
0.293388	-0.166271	0.859613	-0.332117	-0.940932	-0.0659187	-0.0215095	0.0774224	-0.996766	0.942993	-0.329625	-0.0459523	
0.293388	-0.166271	0.859613	-0.332117	-0.940932	-0.0659187	-0.0215095	0.0774224	-0.996766	0.942993	-0.329625	-0.0459523	
0.293388	-0.166271	0.859613	-0.332117	-0.940932	-0.0659187	-0.0215095	0.0774224	-0.996766	0.942993	-0.329625	-0.0459523	
0.293388	-0.166271	0.859613	-0.332117	-0.940932	-0.0659187	-0.0215095	0.0774224	-0.996766	0.942993	-0.329625	-0.0459523	
0.293388	-0.166271	0.859613	-0.332117	-0.940932	-0.0659187	-0.0215095	0.0774224	-0.996766	0.942993	-0.329625	-0.0459523	
0.293388	-0.166271	0.859613	-0.332117	-0.940932	-0.0659187	-0.0215095	0.0774224	-0.996766	0.942993	-0.329625	-0.0459523	
0.293388	-0.166271	0.859613	-0.332117	-0.940932	-0.0659187	-0.0215095	0.0774224	-0.996766	0.942993	-0.329625	-0.0459523	
0.293388	-0.166271	0.859613	-0.332117	-0.940932	-0.0659187	-0.0215095	0.0774224	-0.996766	0.942993	-0.329625	-0.0459523	
0.293388	-0.166271	0.859613	-0.332117	-0.940932	-0.0659187	-0.0215095	0.0774224	-0.996766	0.942993	-0.329625	-0.0459523	
0.293388	-0.166271	0.859613	-0.332117	-0.940932	-0.0659187	-0.0215095	0.0774224	-0.996766	0.942993	-0.329625	-0.0459523	
0.293388	-0.166271	0.859613	-0.332117	-0.940932	-0.0659187	-0.0215095	0.0774224	-0.996766	0.942993	-0.329625	-0.0459523	
0.293388	-0.166271	0.859613	-0.332117	-0.940932	-0.0659187	-0.0215095	0.0774224	-0.996766	0.942993	-0.329625	-0.0459523	
0.293388	-0.166271	0.859613	-0.332117	-0.940932	-0.0659187	-0.0215095	0.0774224	-0.996766	0.942993	-0.329625	-0.0459523	
0.293388	-0.166271	0.859613	-0.332117	-0.940932	-0.0659187	-0.0215095	0.0774224	-0.996766	0.942993	-0.329625	-0.0459523	
0.293388	-0.166271	0.859613	-0.332117	-0.940932	-0.0659187	-0.0215095	0.0774224	-0.996766	0.942993	-0.329625	-0.0459523	
0.293388	-0.166271	0.859613	-0.332117	-0.940932	-0.0659187	-0.0215095	0.0774224	-0.996766	0.942993	-0.329625	-0.0459523	
0.293388	-0.166271	0.859613	-0.332117	-0.940932	-0.0659187	-0.0215095	0.0774224	-0.996766	0.942993	-0.329625	-0.0459523	
0.293388	-0.166271	0.859613	-0.332117	-0.940932	-0.0659187	-0.0215095	0.0774224	-0.996766	0.942993	-0.329625	-0.0459523	
0.293388	-0.166271	0.859613	-0.332117	-0.940932	-0.0659187	-0.0215095	0.0774224	-0.996766	0.942993	-0.329625	-0.0459523	
0.293388	-0.166271	0.859613	-0.332117	-0.940932	-0.0659187	-0.0215095	0.0774224	-0.996766	0.942993	-0.329625	-0.0459523	
0.293388	-0.166271	0.859613	-0.332117	-0.940932	-0.0659187	-0.0215095	0.0774224	-0.996766	0.942993	-0.329625	-0.0459523	
0.293388	-0.166271	0.859613	-0.332117	-0.940932	-0.0659187	-0.0215095	0.0774224	-0.996766	0.942993	-0.329625	-0.0459523	
0.293388	-0.166271	0.859613	-0.332117	-0.940932	-0.0659187	-0.0215095	0.0774224	-0.996766	0.942993	-0.329625	-0.0459523	
0.293388	-0.166271	0.859613	-0.332117	-0.940932	-0.0659187	-0.0215095	0.0774224	-0.996766	0.942993	-0.329625	-0.0459523	
0.293388	-0.166271	0.859613	-0.332117	-0.940932	-0.0659187	-0.0215095	0.0774224	-0.996766	0.942993	-0.329625	-0.0459523	
0.293388	-0.166271	0.859613	-0.332117	-0.940932	-0.0659187	-0.0215095	0.0774224	-0.996766	0.942993	-0.329625	-0.0459523	
0.293388	-0.166271	0.859613	-0.332117	-0.940932	-0.0659187	-0.0215095	0.0774224	-0.996766	0.942993	-0.329625	-0.0459523	
0.293388	-0.166271	0.859613	-0.332117	-0.940932	-0.0659187	-0.0215095	0.0774224	-0.996766	0.942993	-0.329625	-0.0459523	
0.293388	-0.166271	0.859613	-0.332117	-0.940932	-0.0659187	-0.0215095	0.0774224	-0.996766	0.942993	-0.329625	-0.0459523	
0.293388	-0.166271	0.859613	-0.332117	-0.940932	-0.0659187	-0.0215095	0.0774224	-0.996766	0.942993	-0.329625	-0.0459523	
0.293388	-0.166271	0.859613	-0.332117	-0.940932	-0.0659187	-0.0215095	0.0774224	-0.996766	0.942993	-0.329625	-0.0459523	
0.293388	-0.166271	0.859613	-0.332117	-0.940932	-0.0659187	-0.0215095	0.0774224	-0.996766	0.942993	-0.329625	-0.0459523	
0.293388	-0.166271	0.859613	-0.332117	-0.940932	-0.0659187	-0.0215095	0.0774224	-0.996766	0.942993	-0.329625	-0.0459523	
0.293388	-0.166271	0.859613	-0.332117	-0.940932	-0.0659187	-0.0215095	0.0774224	-0.996766	0.942993	-0.329625	-0.0459523	
0.293388	-0.166271	0.859613	-0.332117	-0.940932	-0.0659187	-0.0215095	0.0774224	-0.996766	0.942993	-0.329625	-0.0459523	
0.293388	-0.166271	0.859613	-0.332117	-0.940932	-0.0659187	-0.0215095	0.0774224	-0.996766	0.942993	-0.329625	-0.0459523	
0.293388	-0.166271	0.859613	-0.332117	-0.940932	-0.0659187	-0.0215095	0.0774224	-0.996766	0.942993	-0.329625	-0.0459523	
0.293388	-0.166271	0.859613	-0.332117	-0.940932	-0.0659187	-0.0215095	0.0774224	-0.996766	0.942993	-0.329625	-0.0459523	
0.293388	-0.166271	0.859613	-0.332117	-0.940932	-0.0659187	-0.0215095	0.0774224	-0.996766	0.942993	-0.329625	-0.0459523	
0.293388	-0.166271	0.859613	-0.332117	-0.940932	-0.0659187	-0.0215095	0.0774224	-0.996766	0.942993	-0.329625	-0.0459523	
0.293388	-0.166271	0.859613	-0.332117	-0.940932	-0.0659187	-0.0215095	0.0774224	-0.996766	0.942993	-0.329625	-0.0459523	
0.293388	-0.166271	0.859613	-0.332117	-0.940932	-0.0659187	-0.0215095	0.0774224	-0.996766	0.942993	-0.329625	-0.0459523	
0.293388	-0.166271	0.859613	-0.332117	-0.940932	-0.0659187	-0.0215095	0.0774224	-0.996766	0.942993	-0.329625	-0.0459523	
0.293388	-0.166271	0.859613	-0.332117	-0.940932	-0.0659187	-0.0215095	0.0774224	-0.996766	0.942993	-0.329625	-0.0459523	
0.293388	-0.166271	0.859613	-0.332117	-0.940932	-0.0659187	-0.0215095	0.0774224	-0.996766	0.942993	-0.329625	-0.0459523	
0.293388	-0.166271	0.859613	-0.332117	-0.940932	-0.0659187	-0.0215095	0.0774224	-0.996766	0.942993	-0.329625	-0.0459523	
0.293388	-0.166271	0.859613	-0.332117	-0.940932	-0.0659187	-0.0215095	0.0774224	-0.996766	0.942993	-0.329625	-0.0459523	
0.293388	-0.166271	0.859613	-0.332117	-0.940932	-0.0659187	-0.0215095	0.0774224	-0.996766	0.942993	-0.329625	-0.0459523	
0.293388	-0.166271	0.859613	-0.332117	-0.940932	-0.0659187	-0.0215095	0.0774224	-0.996766	0.942993	-0.329625	-0.0459523	
0.293388	-0.166271	0.859613	-0.332117	-0.940932	-0.0659187	-0.0215095	0.0774224	-0.996766	0.942993	-0.329625	-0.0459523	
0.293388	-0.166271	0.859613	-0.332117	-0.940932	-0.0659187	-0.0215095	0.0774224	-0.996766	0.942993	-0.329625	-0.0459523	
0.293388	-0.166271	0.859613	-0.332117	-0.940932	-0.0659187	-0.0215095	0.0774224	-0.996766	0.942993	-0.329625	-0.0459523	
0.293388	-0.166271	0.859613	-0.332117	-0.940932	-0.0659187	-0.0215095	0.0774224	-0.996766	0.942993	-0.329625	-0.0459523	
0.293388	-0.166271	0.859613	-0.332117	-0.940932	-0.0659187	-0.0215095	0.0774224	-0.996766	0.942993	-0.329625	-0.0459523	
0.293388	-0.166271	0.859613	-0.332117	-0.940932	-0.0659187	-0.0215095	0.0774224	-0.996766	0.942993	-0.329625	-0.0459523	
0.293388	-0.166271	0.859613	-0.332117	-0.940932	-0.0659187	-0.0215095	0.0774224	-0.996766	0.942993	-0.329625	-0.0459523	
0.293388	-0.166271	0.859613	-0.332117	-0.940932	-0.0659187	-0.0215095	0.0774224	-0.996766	0.942993	-0.329625	-0.0459523	
0.293388	-0.166271	0.859613	-0.332117	-0.940932	-0.0659187	-0.0215095	0.0774224	-0.996766	0.942993	-0.329625	-0.0459523	
0.293388	-0.166271	0.859613	-0.332117	-0.940932	-0.0659187	-0.0215095	0.0774224	-0.996766	0.942993	-0.329625	-0.0459523	
0.293388	-0.166271	0.859613	-0.332117	-0.940932	-0.0659187	-0.0215095	0.0774224	-0.996766	0.942993	-0.329625	-0.0459523	
0.293388	-0.166271	0.859613	-0.332117	-0.940932	-0.0659187	-0.0215095	0.0774224	-0.996766	0.942993	-0.329625	-0.0459523	
0.293388	-0.166271	0.859613	-0.332117	-0.940932	-0.0659187	-0.0215095	0.0774224	-0.996766	0.942993	-0.329625	-0.0459523	
0.293388	-0.166271	0.859613	-0.332117	-0.940932	-0.0659187	-0.0215095	0.0774224	-0.996766	0.942993	-0.329625	-0.0459523	
0.293388	-0.166271	0.859613	-0.332117	-0.940932	-0.0659187	-0.0215095	0.0774224	-0.996766	0.942993	-0.329625	-0.0459523	
0.293388	-0.166271	0.859613	-0.332117	-0.940932	-0.0659187	-0.0215095	0.0774224	-0.996766	0.942993	-0.329625	-0.0459523	
0.293388	-0.166271	0.859613	-0.332117	-0.940932	-0.0659187	-0.0215095	0.0774224	-0.996766	0.942993	-0.329625	-0.0459523	
0.293388	-0.166271	0.859613	-0.332117	-0.940932	-0.0659187	-0.0215095	0.0774224	-0.996766	0.942993	-0.329625	-0.0459523	
0.293388	-0.166271	0.859613	-0.332117	-0.940932	-0.0659187	-0.0215095	0.0774224	-0.996766	0.942993	-0.329625	-0.0459523	
0.293388	-0.166271	0.859613	-0.332117	-0.940932	-0.0659187	-0.0215095	0.0774224	-0.996766	0.942993	-0.329625	-0.0459523	
0.293388	-0.166271	0.859613	-0.332117	-0.940932	-0.0659187	-0.0215095	0.0774224	-0.996766	0.942993	-0.329625	-0.0459523	
0.293388	-0.166271	0.859613	-0.332117	-0.940932	-0.0659187	-0.0215095	0.0774224	-0.996766	0.942993	-0.329625	-0.0459523	
0.293388	-0.166271	0.859613	-0.332117	-0.940932	-0.0659187	-0.0215095	0.0774224	-0.996766	0.942993	-0.329625	-0.0459523	
0.293388	-0.166271	0.859613	-0.332117	-0.940932	-0.0659187	-0.0215095	0.0774224	-0.996766	0.942993	-0.329625	-0.0459523	
0.293388	-0.166271	0.859613	-0.332117	-0.940932	-0.0659187	-0.0215095	0.0774224	-0.996766	0.942993	-0.329625	-0.0459523	
0.293388	-0.166271	0.859613	-0.332117	-0.940932	-0.0659187	-0.0215095	0.0774224	-0.996766	0.942993	-0.329625	-0.0459523	
0.293388	-0.166271	0.859613	-0.332117	-0.940932	-0.0659187	-0.0215095	0.0774224	-0.996766	0.942993	-0.329625	-0.0459523	
0.293388	-0.166271	0.859613	-0.332117	-0.940932	-0.0659187	-0.0215095	0.0774224	-0.996766	0.942993	-0.329625	-0.0459523	
0.293697	-0.164629	0.860275	-0.328897	-0.942104	-0.0653252	-0.0204634	0.0762672	-0.996877	0.944144	-0.326533	-0.0443627	
0.293985	-0.163076	0.860897	-0.325851	-0.943201	-0.0647614	-0.0194773	0.0751828	-0.99698	0.945221	-0.323605	-0.0428693	
0.294267	-0.161513	0.861523	-0.322786	-0.944293	-0.0641925	-0.0184775	0.074097	-0.99708	0.946292	-0.320657	-0.0413656	
0.294542	-0.159945	0.862149	-0.319713	-0.945376	-0.0636203	-0.0174688	0.0730141	-0.997178	0.947353	-0.3177	-0.0398582	
0.29481	-0.158373	0.862777	-0.316632	-0.946451	-0.0630448	-0.016451	0.0719338	-0.997274	0.948406	-0.314732	-0.0383467	
0.295071	-0.156797	0.863405	-0.313543	-0.947517	-0.0624659	-0.0154241	0.0708564	-0.997367	0.949449	-0.311754	-0.0368312	
0.295326	-0.155216	0.864035	-0.310446	-0.948575	-0.0618838	-0.0143882	0.0697818	-0.997459	0.950482	-0.308767	-0.0353118	
0.295573	-0.153631	0.864665	-0.307341	-0.949623	-0.0612982	-0.0133432	0.0687102	-0.997547	0.951506	-0.305769	-0.0337884	
0.295813	-0.152041	0.865297	-0.304228	-0.950663	-0.0607093	-0.0122891	0.0676416	-0.997634	0.95252	-0.302762	-0.0322613	
0.296045	-0.150448	0.86593	-0.301107	-0.951694	-0.0601171	-0.0112261	0.0665762	-0.997718	0.953524	-0.299745	-0.0307304	
0.296271	-0.14885	0.866563	-0.297978	-0.952715	-0.0595215	-0.0101541	0.065514	-0.9978	0.954519	-0.296718	-0.0291957	
0.296489	-0.147248	0.867198	-0.294842	-0.953728	-0.0589225	-0.00907313	0.0644552	-0.997879	0.955503	-0.293682	-0.0276574	
0.2967	-0.145642	0.867833	-0.291698	-0.954731	-0.0583202	-0.00798325	0.0633998	-0.997956	0.956477	-0.290637	-0.0261155	
0.296904	-0.144032	0.868469	-0.288547	-0.955725	-0.0577145	-0.0068845	0.0623478	-0.998031	0.957441	-0.287582	-0.02457	
0.297101	-0.142418	0.869106	-0.285389	-0.956709	-0.0571054	-0.00577689	0.0612995	-0.998103	0.958394	-0.284517	-0.023021	
0.297289	-0.1408	0.869744	-0.282223	-0.957684	-0.056493	-0.00466047	0.0602548	-0.998172	0.959338	-0.281444	-0.0214685	
0.297471	-0.139178	0.870383	-0.27905	-0.958649	-0.0558772	-0.00353527	0.0592139	-0.998239	0.96027	-0.278361	-0.0199127	
0.297645	-0.137553	0.871022	-0.27587	-0.959605	-0.0552581	-0.00240133	0.0581768	-0.998303	0.961192	-0.27527	-0.0183536	
0.297811	-0.135924	0.871662	-0.272684	-0.960551	-0.0546355	-0.00125869	0.0571437	-0.998365	0.962103	-0.272169	-0.0167912	
0.29797	-0.134291	0.872303	-0.26949	-0.961487	-0.0540096	-0.000107395	0.0561146	-0.998424	0.963003	-0.26906	-0.0152256	
0.298121	-0.132654	0.872944	-0.26629	-0.962414	-0.0533804	0.00105252	0.0550896	-0.998481	0.963892	-0.265942	-0.0136569	
0.298265	-0.131014	0.873586	-0.263083	-0.96333	-0.0527477	0.002221	0.0540688	-0.998535	0.964771	-0.262815	-0.012085	
0.2984	-0.129371	0.874228	-0.25987	-0.964236	-0.0521117	0.00339801	0.0530523	-0.998586	0.965638	-0.25968	-0.0105102	
0.298528	-0.127724	0.874871	-0.256651	-0.965133	-0.0514724	0.0045835	0.0520402	-0.998634	0.966493	-0.256536	-0.00893246	
0.298648	-0.126074	0.875515	-0.253425	-0.966019	-0.0508296	0.00577742	0.0510326	-0.99868	0.967338	-0.253384	-0.00735182	
0.298761	-0.124421	0.876159	-0.250193	-0.966895	-0.0501835	0.00697972	0.0500295	-0.998723	0.968171	-0.250224	-0.00576836	
0.298865	-0.122764	0.876803	-0.246955	-0.96776	-0.0495341	0.00819034	0.049031	-0.998764	0.968992	-0.247055	-0.00418216	
0.298962	-0.121105	0.877448	-0.243711	-0.968615	-0.0488813	0.00940924	0.0480372	-0.998801	0.969802	-0.243879	-0.00259328	
0.29905	-0.119442	0.878093	-0.240462	-0.96946	-0.0482252	0.0106364	0.0470482	-0.998836	0.9706	-0.240695	-0.00100178	
0.299131	-0.117776	0.878739	-0.237207	-0.970294	-0.0475657	0.0118716	0.0460642	-0.998868	0.971387	-0.237503	0.000592252	
0.299204	-0.116108	0.879385	-0.233946	-0.971118	-0.0469028	0.013115	0.045085	-0.998897	0.972161	-0.234303	0.00218876	
0.299268	-0.114436	0.880031	-0.23068	-0.97193	-0.0462366	0.0143665	0.044111	-0.998923	0.972924	-0.231096	0.00378767	
0.299325	-0.112762	0.880678	-0.227409	-0.972733	-0.0455671	0.0156259	0.043142	-0.998947	0.973674	-0.227882	0.00538892	
0.299373	-0.111085	0.881324	-0.224133	-0.973524	-0.0448943	0.0168932	0.0421783	-0.998967	0.974412	-0.22466	0.00699242	
0.299413	-0.109406	0.881971	-0.220851	-0.974305	-0.0442182	0.0181684	0.0412199	-0.998985	0.975138	-0.221431	0.00859812	
0.299445	-0.107724	0.882618	-0.217565	-0.975074	-0.0435387	0.0194514	0.0402669	-0.999	0.975852	-0.218194	0.0102059	
0.299469	-0.106039	0.883265	-0.214274	-0.975833	-0.0428559	0.0207422	0.0393193	-0.999011	0.976553	-0.214951	0.0118158	
0.299485	-0.104352	0.883912	-0.210979	-0.976581	-0.0421699	0.0220406	0.0383772	-0.99902	0.977242	-0.211701	0.0134276	
0.299493	-0.102663	0.884559	-0.207678	-0.977317	-0.0414805	0.0233465	0.0374408	-0.999026	0.977919	-0.208445	0.0150413	
0.299492	-0.100972	0.885207	-0.204374	-0.978043	-0.0407879	0.02466	0.03651	-0.999029	0.978582	-0.205181	0.0166569	
0.299483	-0.099278	0.885854	-0.201065	-0.978757	-0.0400919	0.025981	0.0355851	-0.999029	0.979233	-0.201912	0.0182742	
0.299465	-0.0975822	0.886501	-0.197753	-0.97946	-0.0393928	0.0273093	0.0346659	-0.999026	0.979871	-0.198636	0.0198931	
0.29944	-0.0958844	0.887148	-0.194436	-0.980152	-0.0386903	0.028645	0.0337527	-0.99902	0.980497	-0.195354	0.0215137	
0.299406	-0.0941847	0.887795	-0.191115	-0.980832	-0.0379846	0.0299878	0.0328455	-0.99901	0.981109	-0.192065	0.0231358	
0.299363	-0.0924831	0.888441	-0.187791	-0.981501	-0.0372757	0.0313378	0.0319443	-0.998998	0.981709	-0.188771	0.0247593	
0.299312	-0.0907798	0.889088	-0.184463	-0.982159	-0.0365636	0.0326949	0.0310493	-0.998983	0.982295	-0.185471	0.0263842	
0.299253	-0.0890747	0.889734	-0.181132	-0.982805	-0.0358482	0.034059	0.0301605	-0.998965	0.982869	-0.182166	0.0280103	
0.299186	-0.087368	0.89038	-0.177798	-0.98344	-0.0351297	0.03543	0.029278	-0.998943	0.983429	-0.178855	0.0296377	
0.29911	-0.0856597	0.891026	-0.17446	-0.984063	-0.0344079	0.0368078	0.0284019	-0.998919	0.983976	-0.175538	0.0312662	
0.299025	-0.08395	0.891671	-0.17112	-0.984674	-0.033683	0.0381924	0.0275321	-0.998891	0.98451	-0.172216	0.0328958	
0.298932	-0.0822389	0.892316	-0.167776	-0.985274	-0.0329549	0.0395836	0.0266689	-0.99886	0.98503	-0.16889	0.0345263	
0.298831	-0.0805265	0.89296	-0.16443	-0.985862	-0.0322237	0.0409814	0.0258122	-0.998826	0.985537	-0.165558	0.0361577	
0.298721	-0.0788128	0.893605	-0.161081	-0.986439	-0.0314893	0.0423857	0.0249621	-0.998789	0.986031	-0.162221	0.0377899	
0.298603	-0.0770981	0.894248	-0.15773	-0.987003	-0.0307518	0.0437964	0.0241188	-0.998749	0.986511	-0.15888	0.0394229	
0.298476	-0.0753822	0.894891	-0.154377	-0.987556	-0.0300112	0.0452134	0.0232822	-0.998706	0.986977	-0.155534	0.0410565	
0.298341	-0.0736654	0.895534	-0.151021	-0.988097	-0.0292675	0.0466366	0.0224524	-0.99866	0.98743	-0.152184	0.0426907	
0.298197	-0.0719477	0.896175	-0.147664	-0.988626	-0.0285207	0.048066	0.0216295	-0.99861	0.987869	-0.148829	0.0443254	
0.298044	-0.0702291	0.896817	-0.144304	-0.989144	-0.0277709	0.0495014	0.0208135	-0.998557	0.988294	-0.145471	0.0459605	
0.297884	-0.0685099	0.897457	-0.140943	-0.989649	-0.027018	0.0509428	0.0200045	-0.998501	0.988706	-0.142108	0.0475959	
0.297714	-0.0667899	0.898097	-0.137581	-0.990142	-0.0262621	0.05239	0.0192026	-0.998442	0.989104	-0.138742	0.0492316	
0.297537	-0.0650694	0.898736	-0.134217	-0.990624	-0.0255032	0.0538429	0.0184078	-0.99838	0.989488	-0.135372	0.0508675	
0.29735	-0.0633485	0.899374	-0.130851	-0.991093	-0.0247412	0.0553016	0.0176202	-0.998314	0.989858	-0.131999	0.0525034	
0.297155	-0.0616271	0.900012	-0.127485	-0.991551	-0.0239763	0.0567658	0.0168398	-0.998245	0.990215	-0.128622	0.0541394	
0.296952	-0.0599054	0.900648	-0.124117	-0.991996	-0.0232085	0.0582355	0.0160667	-0.998174	0.990557	-0.125242	0.0557752	
0.29674	-0.0581835	0.901284	-0.120749	-0.992429	-0.0224377	0.0597105	0.0153009	-0.998098	0.990886	-0.121859	0.0574109	
0.29652	-0.0564614	0.901919	-0.11738	-0.992851	-0.021664	0.0611909	0.0145425	-0.99802	0.9912	-0.118473	0.0590464	
0.296291	-0.0547392	0.902553	-0.11401	-0.99326	-0.0208874	0.0626764	0.0137915	-0.997939	0.991501	-0.115084	0.0606816	
0.296054	-0.0530171	0.903186	-0.11064	-0.993657	-0.0201079	0.064167	0.0130481	-0.997854	0.991787	-0.111693	0.0623163	
0.295808	-0.051295	0.903818	-0.10727	-0.994042	-0.0193256	0.0656625	0.0123121	-0.997766	0.992059	-0.108299	0.0639506	
0.295554	-0.0495732	0.904448	-0.1039	-0.994415	-0.0185404	0.0671629	0.0115838	-0.997675	0.992318	-0.104903	0.0655843	
0.295291	-0.0478516	0.905078	-0.100529	-0.994776	-0.0177524	0.0686681	0.010863	-0.99758	0.992562	-0.101505	0.0672174	
0.29502	-0.0461303	0.905707	-0.0971591	-0.995124	-0.0169616	0.070178	0.0101499	-0.997483	0.992792	-0.0981048	0.0688497	
0.294741	-0.0444095	0.906334	-0.0937892	-0.995461	-0.016168	0.0716925	0.00944455	-0.997382	0.993007	-0.0947028	0.0704812	
0.294453	-0.0426892	0.90696	-0.0904199	-0.995785	-0.0153717	0.0732113	0.00874693	-0.997278	0.993209	-0.0912991	0.0721119	
0.294156	-0.0409695	0.907585	-0.0870511	-0.996097	-0.0145726	0.0747346	0.00805709	-0.997171	0.993397	-0.0878939	0.0737416	
0.293852	-0.0392505	0.908209	-0.0836832	-0.996397	-0.0137708	0.0762621	0.00737508	-0.997061	0.99357	-0.0844874	0.0753702	
0.293539	-0.0375322	0.908831	-0.0803161	-0.996685	-0.0129664	0.0777938	0.00670093	-0.996947	0.993729	-0.0810796	0.0769977	
0.293217	-0.0358148	0.909453	-0.0769501	-0.996961	-0.0121593	0.0793294	0.00603468	-0.99683	0.993874	-0.0776707	0.078624	
0.292888	-0.0340983	0.910072	-0.0735853	-0.997224	-0.0113496	0.0808691	0.00537637	-0.99671	0.994005	-0.074261	0.080249	
0.29255	-0.0323828	0.910691	-0.0702218	-0.997476	-0.0105372	0.0824125	0.00472602	-0.996587	0.994121	-0.0708505	0.0818726	
0.292204	-0.0306684	0.911307	-0.0668598	-0.997715	-0.00972227	0.0839597	0.00408367	-0.996461	0.994224	-0.0674394	0.0834948	
0.291849	-0.0289552	0.911923	-0.0634994	-0.997942	-0.00890477	0.0855105	0.00344934	-0.996331	0.994312	-0.0640279	0.0851155	
0.291486	-0.0272432	0.912537	-0.0601408	-0.998157	-0.00808474	0.0870648	0.00282307	-0.996199	0.994386	-0.0606161	0.0867345	
0.291116	-0.0255326	0.913149	-0.0567842	-0.99836	-0.0072622	0.0886224	0.00220488	-0.996063	0.994445	-0.0572042	0.0883519	
0.290737	-0.0238234	0.91376	-0.0534295	-0.998551	-0.00643718	0.0901834	0.0015948	-0.995924	0.994491	-0.0537923	0.0899675	
0.290349	-0.0221156	0.914369	-0.0500771	-0.99873	-0.0056097	0.0917476	0.000992845	-0.995782	0.994522	-0.0503806	0.0915813	
0.289954	-0.0204095	0.914977	-0.046727	-0.998896	-0.00477979	0.0933148	0.00039905	-0.995637	0.99454	-0.0469692	0.0931932	
0.289551	-0.018705	0.915583	-0.0433794	-0.999051	-0.00394748	0.094885	-0.000186568	-0.995488	0.994543	-0.0435583	0.094803	
0.289139	-0.0170022	0.916187	-0.0400345	-0.999193	-0.00311279	0.0964581	-0.00076399	-0.995337	0.994532	-0.040148	0.0964108	
0.28872	-0.0153013	0.91679	-0.0366923	-0.999324	-0.00227575	0.0980339	-0.0013332	-0.995182	0.994506	-0.0367386	0.0980165	
0.288292	-0.0136022	0.91739	-0.0333529	-0.999443	-0.00143639	0.0996123	-0.00189417	-0.995025	0.994467	-0.0333301	0.0996199	
0.287857	-0.0119051	0.917989	-0.0300167	-0.999549	-0.000594745	0.101193	-0.0024469	-0.994864	0.994414	-0.0299227	0.101221	
0.287414	-0.0102101	0.918587	-0.0266836	-0.999644	0.000249168	0.102777	-0.00299136	-0.9947	0.994346	-0.0265165	0.10282	
0.286962	-0.00851713	0.919182	-0.0233538	-0.999727	0.00109532	0.104362	-0.00352755	-0.994533	0.994265	-0.0231118	0.104416	
0.286503	-0.0068264	0.919776	-0.0200274	-0.999798	0.00194367	0.10595	-0.00405545	-0.994363	0.99417	-0.0197086	0.10601	
0.286037	-0.00513794	0.920367	-0.0167047	-0.999857	0.0027942	0.10754	-0.00457505	-0.99419	0.99406	-0.0163072	0.107601	
0.285562	-0.00345183	0.920957	-0.0133857	-0.999904	0.00364688	0.109132	-0.00508634	-0.994014	0.993937	-0.0129075	0.10919	
0.28508	-0.00176815	0.921545	-0.0100705	-0.999939	0.00450167	0.110726	-0.00558932	-0.993835	0.9938	-0.00950994	0.110776	
0.28459	-8.69667e-05	0.92213	-0.00675928	-0.999963	0.00535855	0.112322	-0.00608399	-0.993653	0.993649	-0.00611449	0.112359	
0.284092	0.00159164	0.922714	-0.00345219	-0.999975	0.00621749	0.113919	-0.00657032	-0.993468	0.993484	-0.00272135	0.113939	
0.284113	0.00152874	0.92269	-0.00357608	-0.999974	0.0061853	0.113852	-0.00655226	-0.993476	0.993491	-0.00284855	0.113872	
0.284112	0.00153118	0.922691	-0.00357129	-0.999974	0.00618654	0.113855	-0.00655296	-0.993476	0.993491	-0.00284363	0.113875	
0.284112	0.00153108	0.922691	-0.00357148	-0.999974	0.0061865	0.113854	-0.00655293	-0.993476	0.993491	-0.00284382	0.113875	
0.284112	0.00153109	0.922691	-0.00357147	-0.999974	0.0061865	0.113854	-0.00655293	-0.993476	0.993491	-0.00284381	0.113875	
0.284112	0.00153109	0.922691	-0.00357147	-0.999974	0.0061865	0.113854	-0.00655293	-0.993476	0.993491	-0.00284381	0.113875	
0.284112	0.00153109	0.922691	-0.00357147	-0.999974	0.0061865	0.113854	-0.00655293	-0.993476	0.993491	-0.00284381	0.113875	
0.284112	0.00153109	0.922691	-0.00357147	-0.999974	0.0061865	0.113854	-0.00655293	-0.993476	0.993491	-0.00284381	0.113875	
0.284112	0.00153109	0.922691	-0.00357147	-0.999974	0.0061865	0.113854	-0.00655293	-0.993476	0.993491	-0.00284381	0.113875	
0.284112	0.00153109	0.922691	-0.00357147	-0.999974	0.0061865	0.113854	-0.00655293	-0.993476	0.993491	-0.00284381	0.113875	
0.284112	0.00153109	0.922691	-0.00357147	-0.999974	0.0061865	0.113854	-0.00655293	-0.993476	0.993491	-0.00284381	0.113875	
0.284112	0.00153109	0.922691	-0.00357147	-0.999974	0.0061865	0.113854	-0.00655293	-0.993476	0.993491	-0.00284381	0.113875	
0.284112	0.00153109	0.922691	-0.00357147	-0.999974	0.0061865	0.113854	-0.00655293	-0.993476	0.993491	-0.00284381	0.113875	
0.284112	0.00153109	0.922691	-0.00357147	-0.999974	0.0061865	0.113854	-0.00655293	-0.993476	0.993491	-0.00284381	0.113875	
0.284112	0.00153109	0.922691	-0.00357147	-0.999974	0.0061865	0.113854	-0.00655293	-0.993476	0.993491	-0.00284381	0.113875	
0.284112	0.00153109	0.922691	-0.00357147	-0.999974	0.0061865	0.113854	-0.00655293	-0.993476	0.993491	-0.00284381	0.113875	
0.284112	0.00153109	0.922691	-0.00357147	-0.999974	0.0061865	0.113854	-0.00655293	-0.993476	0.993491	-0.00284381	0.113875	
0.284112	0.00153109	0.922691	-0.00357147	-0.999974	0.0061865	0.113854	-0.00655293	-0.993476	0.993491	-0.00284381	0.113875	
0.284112	0.00153109	0.922691	-0.00357147	-0.999974	0.0061865	0.113854	-0.00655293	-0.993476	0.993491	-0.00284381	0.113875	
0.284112	0.00153109	0.922691	-0.00357147	-0.999974	0.0061865	0.113854	-0.00655293	-0.993476	0.993491	-0.00284381	0.113875	
0.284112	0.00153109	0.922691	-0.00357147	-0.999974	0.0061865	0.113854	-0.00655293	-0.993476	0.993491	-0.00284381	0.113875	
0.284112	0.00153109	0.922691	-0.00357147	-0.999974	0.0061865	0.113854	-0.00655293	-0.993476	0.993491	-0.00284381	0.113875	
0.284112	0.00153109	0.922691	-0.00357147	-0.999974	0.0061865	0.113854	-0.00655293	-0.993476	0.993491	-0.00284381	0.113875	
0.284112	0.00153109	0.922691	-0.00357147	-0.999974	0.0061865	0.113854	-0.00655293	-0.993476	0.993491	-0.00284381	0.113875	
0.284112	0.00153109	0.922691	-0.00357147	-0.999974	0.0061865	0.113854	-0.00655293	-0.993476	0.993491	-0.00284381	0.113875	
0.284112	0.00153109	0.922691	-0.00357147	-0.999974	0.0061865	0.113854	-0.00655293	-0.993476	0.993491	-0.00284381	0.113875	
0.284112	0.00153109	0.922691	-0.00357147	-0.999974	0.0061865	0.113854	-0.00655293	-0.993476	0.993491	-0.00284381	0.113875	
0.284112	0.00153109	0.922691	-0.00357147	-0.999974	0.0061865	0.113854	-0.00655293	-0.993476	0.993491	-0.00284381	0.113875	
0.284112	0.00153109	0.922691	-0.00357147	-0.999974	0.0061865	0.113854	-0.00655293	-0.993476	0.993491	-0.00284381	0.113875	
0.284112	0.00153109	0.922691	-0.00357147	-0.999974	0.0061865	0.113854	-0.00655293	-0.993476	0.993491	-0.00284381	0.113875	
0.284112	0.00153109	0.922691	-0.00357147	-0.999974	0.0061865	0.113854	-0.00655293	-0.993476	0.993491	-0.00284381	0.113875	
0.284112	0.00153109	0.922691	-0.00357147	-0.999974	0.0061865	0.113854	-0.00655293	-0.993476	0.993491	-0.00284381	0.113875	
