0.324549	-0.00181541	0.86964	-0.00359863	-0.999993	-0.000702105	-0.0235392	0.000786624	-0.999723	0.999716	-0.0035811	-0.0235419	
0.329861	-0.00358773	0.860789	-0.0070963	-0.999974	-0.0013639	-0.0466459	0.00169347	-0.99891	0.998886	-0.00702494	-0.0466567	
0.330952	-0.0053523	0.85902	-0.0105925	-0.999942	-0.00203161	-0.0510871	0.00257024	-0.998691	0.998638	-0.0104749	-0.0511113	
0.330932	-0.00713279	0.859003	-0.014127	-0.999897	-0.00271237	-0.0511085	0.00343118	-0.998687	0.998593	-0.0139699	-0.0511517	
0.330893	-0.00891838	0.859003	-0.0176718	-0.999838	-0.00339527	-0.051079	0.00429416	-0.998685	0.998538	-0.0174752	-0.0511466	
0.330846	-0.0107037	0.859004	-0.0212162	-0.999767	-0.00407816	-0.0510422	0.00515692	-0.998683	0.998471	-0.0209801	-0.0511397	
0.33079	-0.0124885	0.859004	-0.0247597	-0.999682	-0.004761	-0.0509987	0.00601934	-0.998681	0.998392	-0.0244842	-0.0511315	
0.330727	-0.0142728	0.859005	-0.0283022	-0.999585	-0.00544375	-0.0509485	0.00688137	-0.998678	0.9983	-0.0279874	-0.0511221	
0.330655	-0.0160565	0.859006	-0.0318435	-0.999474	-0.00612641	-0.0508917	0.00774293	-0.998674	0.998196	-0.0314895	-0.0511115	
0.330575	-0.0178394	0.859008	-0.0353836	-0.999351	-0.00680896	-0.0508282	0.00860398	-0.99867	0.99808	-0.0349904	-0.0510997	
0.330487	-0.0196215	0.859009	-0.0389222	-0.999214	-0.00749139	-0.0507581	0.00946445	-0.998666	0.997952	-0.03849	-0.0510866	
0.33039	-0.0214028	0.85901	-0.0424592	-0.999065	-0.00817368	-0.0506813	0.0103243	-0.998662	0.997812	-0.0419881	-0.0510723	
0.330286	-0.023183	0.859012	-0.0459945	-0.998902	-0.00885581	-0.0505979	0.0111834	-0.998656	0.997659	-0.0454846	-0.0510568	
0.330173	-0.0249623	0.859014	-0.0495279	-0.998727	-0.00953777	-0.0505079	0.0120418	-0.998651	0.997495	-0.0489794	-0.05104	
0.330052	-0.0267404	0.859016	-0.0530593	-0.998539	-0.0102195	-0.0504113	0.0128993	-0.998645	0.997318	-0.0524722	-0.0510221	
0.329924	-0.0285173	0.859017	-0.0565885	-0.998338	-0.0109011	-0.0503081	0.013756	-0.998639	0.997129	-0.0559631	-0.0510029	
0.329787	-0.0302929	0.859019	-0.0601154	-0.998124	-0.0115825	-0.0501983	0.0146117	-0.998632	0.996928	-0.0594518	-0.0509825	
0.329642	-0.0320672	0.859022	-0.0636398	-0.997898	-0.0122636	-0.0500819	0.0154665	-0.998625	0.996715	-0.0629381	-0.0509609	
0.329489	-0.03384	0.859024	-0.0671616	-0.997658	-0.0129445	-0.049959	0.0163201	-0.998618	0.996491	-0.0664221	-0.0509381	
0.329327	-0.0356113	0.859026	-0.0706807	-0.997406	-0.0136251	-0.0498296	0.0171727	-0.99861	0.996254	-0.0699035	-0.0509141	
0.329158	-0.037381	0.859029	-0.0741969	-0.997141	-0.0143054	-0.0496937	0.0180241	-0.998602	0.996005	-0.0733822	-0.0508889	
0.328981	-0.0391491	0.859031	-0.07771	-0.996863	-0.0149855	-0.0495512	0.0188742	-0.998593	0.995744	-0.0768581	-0.0508625	
0.328796	-0.0409153	0.859034	-0.0812199	-0.996573	-0.0156652	-0.0494023	0.0197231	-0.998584	0.995471	-0.080331	-0.0508349	
0.328603	-0.0426798	0.859037	-0.0847265	-0.99627	-0.0163446	-0.049247	0.0205706	-0.998575	0.995186	-0.0838009	-0.0508061	
0.328402	-0.0444423	0.85904	-0.0882297	-0.995955	-0.0170237	-0.0490852	0.0214167	-0.998565	0.99489	-0.0872675	-0.0507762	
0.328193	-0.0462028	0.859043	-0.0917293	-0.995627	-0.0177024	-0.048917	0.0222613	-0.998555	0.994582	-0.0907307	-0.0507451	
0.327976	-0.0479613	0.859046	-0.0952251	-0.995286	-0.0183808	-0.0487424	0.0231044	-0.998544	0.994262	-0.0941905	-0.0507127	
0.327751	-0.0497177	0.859049	-0.098717	-0.994933	-0.0190588	-0.0485614	0.023946	-0.998533	0.99393	-0.0976467	-0.0506793	
0.327519	-0.0514718	0.859053	-0.102205	-0.994568	-0.0197363	-0.0483742	0.0247859	-0.998522	0.993586	-0.101099	-0.0506446	
0.327279	-0.0532236	0.859056	-0.105689	-0.99419	-0.0204135	-0.0481806	0.0256241	-0.99851	0.993231	-0.104548	-0.0506088	
0.327031	-0.0549731	0.85906	-0.109168	-0.9938	-0.0210903	-0.0479807	0.0264606	-0.998498	0.992865	-0.107992	-0.0505719	
0.326775	-0.0567201	0.859064	-0.112643	-0.993397	-0.0217666	-0.0477746	0.0272953	-0.998485	0.992486	-0.111433	-0.0505338	
0.326511	-0.0584646	0.859067	-0.116114	-0.992982	-0.0224424	-0.0475622	0.0281281	-0.998472	0.992096	-0.114869	-0.0504945	
0.32624	-0.0602065	0.859071	-0.119579	-0.992555	-0.0231178	-0.0473437	0.0289591	-0.998459	0.991695	-0.118301	-0.0504541	
0.325961	-0.0619458	0.859075	-0.12304	-0.992116	-0.0237927	-0.047119	0.029788	-0.998445	0.991282	-0.121728	-0.0504126	
0.325675	-0.0636823	0.859079	-0.126496	-0.991665	-0.0244671	-0.0468881	0.030615	-0.998431	0.990858	-0.125151	-0.05037	
0.325381	-0.0654161	0.859084	-0.129947	-0.991202	-0.0251409	-0.0466511	0.0314399	-0.998416	0.990423	-0.128569	-0.0503262	
0.325079	-0.0671469	0.859088	-0.133393	-0.990727	-0.0258143	-0.0464081	0.0322627	-0.998401	0.989976	-0.131982	-0.0502814	
0.32477	-0.0688749	0.859092	-0.136833	-0.99024	-0.0264871	-0.046159	0.0330833	-0.998386	0.989518	-0.13539	-0.0502354	
0.324454	-0.0705998	0.859097	-0.140268	-0.989741	-0.0271594	-0.0459039	0.0339018	-0.99837	0.989049	-0.138793	-0.0501883	
0.32413	-0.0723216	0.859101	-0.143698	-0.98923	-0.027831	-0.0456429	0.0347179	-0.998354	0.988569	-0.142191	-0.0501402	
0.323798	-0.0740403	0.859106	-0.147121	-0.988708	-0.0285021	-0.0453759	0.0355318	-0.998338	0.988077	-0.145583	-0.0500909	
0.32346	-0.0757558	0.859111	-0.150539	-0.988174	-0.0291727	-0.045103	0.0363432	-0.998321	0.987575	-0.14897	-0.0500406	
0.323113	-0.0774679	0.859115	-0.153951	-0.987628	-0.0298425	-0.0448242	0.0371523	-0.998304	0.987061	-0.152352	-0.0499892	
0.32276	-0.0791768	0.85912	-0.157356	-0.98707	-0.0305118	-0.0445396	0.0379589	-0.998286	0.986537	-0.155728	-0.0499368	
0.3224	-0.0808822	0.859125	-0.160756	-0.986502	-0.0311805	-0.0442492	0.038763	-0.998268	0.986002	-0.159098	-0.0498833	
0.322032	-0.0825841	0.85913	-0.164149	-0.985921	-0.0318484	-0.0439531	0.0395646	-0.99825	0.985456	-0.162462	-0.0498287	
0.321657	-0.0842825	0.859135	-0.167535	-0.98533	-0.0325158	-0.0436512	0.0403635	-0.998231	0.984899	-0.16582	-0.0497732	
0.321275	-0.0859773	0.859141	-0.170916	-0.984727	-0.0331824	-0.0433437	0.0411598	-0.998212	0.984332	-0.169172	-0.0497165	
0.320886	-0.0876684	0.859146	-0.174289	-0.984113	-0.0338483	-0.0430305	0.0419534	-0.998193	0.983754	-0.172517	-0.0496589	
0.32049	-0.0893558	0.859151	-0.177656	-0.983487	-0.0345136	-0.0427117	0.0427443	-0.998173	0.983165	-0.175857	-0.0496002	
0.320086	-0.0910394	0.859157	-0.181015	-0.982851	-0.0351781	-0.0423874	0.0435324	-0.998152	0.982566	-0.17919	-0.0495406	
0.319676	-0.0927191	0.859162	-0.184368	-0.982204	-0.0358419	-0.0420576	0.0443177	-0.998132	0.981957	-0.182516	-0.0494799	
0.31926	-0.0943949	0.859168	-0.187714	-0.981545	-0.0365049	-0.0417223	0.0451001	-0.998111	0.981337	-0.185836	-0.0494182	
0.318836	-0.0960668	0.859173	-0.191052	-0.980876	-0.0371672	-0.0413816	0.0458797	-0.998089	0.980707	-0.189149	-0.0493556	
0.318405	-0.0977346	0.859179	-0.194383	-0.980196	-0.0378288	-0.0410355	0.0466562	-0.998068	0.980067	-0.192455	-0.049292	
0.317968	-0.0993983	0.859185	-0.197707	-0.979505	-0.0384895	-0.040684	0.0474298	-0.998046	0.979417	-0.195754	-0.0492274	
0.317524	-0.101058	0.85919	-0.201022	-0.978804	-0.0391494	-0.0403273	0.0482004	-0.998023	0.978756	-0.199046	-0.0491619	
0.317073	-0.102713	0.859196	-0.204331	-0.978092	-0.0398086	-0.0399653	0.0489679	-0.998	0.978086	-0.202331	-0.0490954	
0.316616	-0.104364	0.859202	-0.207631	-0.97737	-0.0404669	-0.0395981	0.0497323	-0.997977	0.977405	-0.205609	-0.049028	
0.316152	-0.106011	0.859208	-0.210924	-0.976637	-0.0411244	-0.0392258	0.0504936	-0.997954	0.976715	-0.208879	-0.0489597	
0.315682	-0.107654	0.859214	-0.214209	-0.975894	-0.041781	-0.0388483	0.0512517	-0.99793	0.976015	-0.212142	-0.0488904	
0.315205	-0.109292	0.85922	-0.217486	-0.975141	-0.0424368	-0.0384658	0.0520066	-0.997906	0.975305	-0.215398	-0.0488202	
0.314722	-0.110925	0.859226	-0.220754	-0.974377	-0.0430918	-0.0380783	0.0527582	-0.997881	0.974586	-0.218645	-0.0487492	
0.314233	-0.112554	0.859232	-0.224014	-0.973604	-0.0437458	-0.0376857	0.0535065	-0.997856	0.973857	-0.221885	-0.0486772	
0.313737	-0.114179	0.859238	-0.227266	-0.97282	-0.044399	-0.0372883	0.0542516	-0.997831	0.973118	-0.225118	-0.0486044	
0.313235	-0.115798	0.859245	-0.23051	-0.972027	-0.0450512	-0.036886	0.0549933	-0.997805	0.972371	-0.228342	-0.0485307	
0.312727	-0.117414	0.859251	-0.233745	-0.971223	-0.0457026	-0.0364789	0.0557316	-0.997779	0.971613	-0.231559	-0.0484561	
0.312213	-0.119024	0.859257	-0.236971	-0.97041	-0.046353	-0.0360669	0.0564665	-0.997753	0.970847	-0.234767	-0.0483806	
0.311692	-0.12063	0.859263	-0.240189	-0.969588	-0.0470024	-0.0356503	0.0571979	-0.997726	0.970071	-0.237967	-0.0483044	
0.311166	-0.12223	0.85927	-0.243398	-0.968755	-0.047651	-0.035229	0.0579259	-0.997699	0.969287	-0.241159	-0.0482273	
0.310633	-0.123826	0.859276	-0.246598	-0.967914	-0.0482986	-0.034803	0.0586503	-0.997672	0.968493	-0.244343	-0.0481493	
0.310095	-0.125418	0.859282	-0.249789	-0.967063	-0.0489452	-0.0343725	0.0593712	-0.997644	0.96769	-0.247518	-0.0480706	
0.309551	-0.127004	0.859289	-0.252971	-0.966202	-0.0495908	-0.0339374	0.0600886	-0.997616	0.966878	-0.250685	-0.0479911	
0.309001	-0.128585	0.859295	-0.256144	-0.965332	-0.0502354	-0.0334979	0.0608024	-0.997588	0.966058	-0.253843	-0.0479107	
0.308445	-0.130161	0.859302	-0.259307	-0.964454	-0.0508791	-0.0330539	0.0615125	-0.997559	0.965229	-0.256993	-0.0478296	
0.307884	-0.131732	0.859308	-0.262462	-0.963566	-0.0515217	-0.0326055	0.062219	-0.99753	0.964391	-0.260134	-0.0477477	
0.307317	-0.133298	0.859315	-0.265607	-0.962669	-0.0521633	-0.0321528	0.0629218	-0.9975	0.963545	-0.263266	-0.047665	
0.306745	-0.134859	0.859321	-0.268743	-0.961764	-0.0528039	-0.0316959	0.063621	-0.997471	0.96269	-0.266389	-0.0475816	
0.306166	-0.136414	0.859328	-0.271869	-0.960849	-0.0534434	-0.0312347	0.0643164	-0.997441	0.961827	-0.269504	-0.0474975	
0.305583	-0.137965	0.859334	-0.274986	-0.959926	-0.0540819	-0.0307693	0.0650081	-0.99741	0.960956	-0.272609	-0.0474126	
0.304994	-0.13951	0.859341	-0.278093	-0.958994	-0.0547193	-0.0302999	0.065696	-0.99738	0.960076	-0.275706	-0.047327	
0.3044	-0.141049	0.859347	-0.28119	-0.958054	-0.0553556	-0.0298263	0.0663801	-0.997349	0.959189	-0.278793	-0.0472406	
0.3038	-0.142584	0.859354	-0.284277	-0.957106	-0.0559909	-0.0293488	0.0670604	-0.997317	0.958293	-0.281872	-0.0471536	
0.303195	-0.144113	0.85936	-0.287355	-0.956149	-0.0566251	-0.0288672	0.0677369	-0.997286	0.957389	-0.284941	-0.0470659	
0.302585	-0.145637	0.859367	-0.290423	-0.955184	-0.0572582	-0.0283818	0.0684095	-0.997254	0.956477	-0.288	-0.0469775	
0.30197	-0.147155	0.859373	-0.293481	-0.954211	-0.0578901	-0.0278925	0.0690782	-0.997221	0.955558	-0.291051	-0.0468884	
0.30135	-0.148668	0.85938	-0.296529	-0.953229	-0.058521	-0.0273994	0.0697431	-0.997189	0.954631	-0.294092	-0.0467987	
0.300725	-0.150175	0.859386	-0.299566	-0.95224	-0.0591507	-0.0269025	0.070404	-0.997156	0.953696	-0.297123	-0.0467083	
0.300095	-0.151677	0.859393	-0.302594	-0.951243	-0.0597793	-0.0264019	0.0710611	-0.997122	0.952754	-0.300145	-0.0466173	
0.29946	-0.153173	0.859399	-0.305612	-0.950238	-0.0604067	-0.0258977	0.0717141	-0.997089	0.951804	-0.303158	-0.0465256	
0.29882	-0.154663	0.859406	-0.308619	-0.949226	-0.061033	-0.0253898	0.0723633	-0.997055	0.950847	-0.30616	-0.0464334	
0.298176	-0.156148	0.859412	-0.311616	-0.948206	-0.0616582	-0.0248785	0.0730084	-0.997021	0.949882	-0.309153	-0.0463405	
0.297526	-0.157628	0.859418	-0.314602	-0.947178	-0.0622821	-0.0243636	0.0736496	-0.996987	0.948911	-0.312137	-0.046247	
0.296873	-0.159101	0.859425	-0.317578	-0.946143	-0.0629049	-0.0238453	0.0742868	-0.996952	0.947932	-0.31511	-0.0461529	
0.296214	-0.160569	0.859431	-0.320544	-0.945101	-0.0635265	-0.0233235	0.0749199	-0.996917	0.946946	-0.318074	-0.0460583	
0.295551	-0.162031	0.859438	-0.323499	-0.944052	-0.0641469	-0.0227985	0.075549	-0.996881	0.945954	-0.321028	-0.045963	
0.294884	-0.163488	0.859444	-0.326444	-0.942995	-0.0647661	-0.0222702	0.0761741	-0.996846	0.944954	-0.323972	-0.0458672	
0.294212	-0.164938	0.85945	-0.329378	-0.941931	-0.0653841	-0.0217386	0.0767952	-0.99681	0.943948	-0.326906	-0.0457709	
0.293536	-0.166383	0.859456	-0.332302	-0.940861	-0.0660009	-0.0212038	0.0774121	-0.996774	0.942935	-0.32983	-0.0456741	
0.293575	-0.166303	0.859454	-0.332138	-0.940921	-0.0659662	-0.0212382	0.077379	-0.996776	0.942992	-0.329666	-0.045684	
0.293572	-0.166307	0.859454	-0.332148	-0.940918	-0.0659682	-0.021236	0.0773808	-0.996775	0.942988	-0.329676	-0.0456832	
0.293573	-0.166307	0.859454	-0.332147	-0.940918	-0.0659681	-0.0212362	0.0773807	-0.996775	0.942989	-0.329675	-0.0456833	
0.293573	-0.166307	0.859454	-0.332147	-0.940918	-0.0659681	-0.0212361	0.0773807	-0.996775	0.942989	-0.329675	-0.0456833	
0.293573	-0.166307	0.859454	-0.332147	-0.940918	-0.0659681	-0.0212361	0.0773807	-0.996775	0.942989	-0.329675	-0.0456833	
0.293573	-0.166307	0.859454	-0.332147	-0.940918	-0.0659681	-0.0212361	0.0773807	-0.996775	0.942989	-0.329675	-0.0456833	
0.293573	-0.166307	0.859454	-0.332147	-0.940918	-0.0659681	-0.0212361	0.0773807	-0.996775	0.942989	-0.329675	-0.0456833	
0.293573	-0.166307	0.859454	-0.332147	-0.940918	-0.0659681	-0.0212361	0.0773807	-0.996775	0.942989	-0.329675	-0.0456833	
0.293573	-0.166307	0.859454	-0.332147	-0.940918	-0.0659681	-0.0212361	0.0773807	-0.996775	0.942989	-0.329675	-0.0456833	
0.293573	-0.166307	0.859454	-0.332147	-0.940918	-0.0659681	-0.0212361	0.0773807	-0.996775	0.942989	-0.329675	-0.0456833	
0.293573	-0.166307	0.859454	-0.332147	-0.940918	-0.0659681	-0.0212361	0.0773807	-0.996775	0.942989	-0.329675	-0.0456833	
0.293573	-0.166307	0.859454	-0.332147	-0.940918	-0.0659681	-0.0212361	0.0773807	-0.996775	0.942989	-0.329675	-0.0456833	
0.293573	-0.166307	0.859454	-0.332147	-0.940918	-0.0659681	-0.0212361	0.0773807	-0.996775	0.942989	-0.329675	-0.0456833	
0.293573	-0.166307	0.859454	-0.332147	-0.940918	-0.0659681	-0.0212361	0.0773807	-0.996775	0.942989	-0.329675	-0.0456833	
0.293573	-0.166307	0.859454	-0.332147	-0.940918	-0.0659681	-0.0212361	0.0773807	-0.996775	0.942989	-0.329675	-0.0456833	
0.293573	-0.166307	0.859454	-0.332147	-0.940918	-0.0659681	-0.0212361	0.0773807	-0.996775	0.942989	-0.329675	-0.0456833	
0.293573	-0.166307	0.859454	-0.332147	-0.940918	-0.0659681	-0.0212361	0.0773807	-0.996775	0.942989	-0.329675	-0.0456833	
0.293573	-0.166307	0.859454	-0.332147	-0.940918	-0.0659681	-0.0212361	0.0773807	-0.996775	0.942989	-0.329675	-0.0456833	
0.293573	-0.166307	0.859454	-0.332147	-0.940918	-0.0659681	-0.0212361	0.0773807	-0.996775	0.942989	-0.329675	-0.0456833	
0.293573	-0.166307	0.859454	-0.332147	-0.940918	-0.0659681	-0.0212361	0.0773807	-0.996775	0.942989	-0.329675	-0.0456833	
0.293573	-0.166307	0.859454	-0.332147	-0.940918	-0.0659681	-0.0212361	0.0773807	-0.996775	0.942989	-0.329675	-0.0456833	
0.293573	-0.166307	0.859454	-0.332147	-0.940918	-0.0659681	-0.0212361	0.0773807	-0.996775	0.942989	-0.329675	-0.0456833	
0.293573	-0.166307	0.859454	-0.332147	-0.940918	-0.0659681	-0.0212361	0.0773807	-0.996775	0.942989	-0.329675	-0.0456833	
0.293573	-0.166307	0.859454	-0.332147	-0.940918	-0.0659681	-0.0212361	0.0773807	-0.996775	0.942989	-0.329675	-0.0456833	
0.293573	-0.166307	0.859454	-0.332147	-0.940918	-0.0659681	-0.0212361	0.0773807	-0.996775	0.942989	-0.329675	-0.0456833	
0.293573	-0.166307	0.859454	-0.332147	-0.940918	-0.0659681	-0.0212361	0.0773807	-0.996775	0.942989	-0.329675	-0.0456833	
0.293573	-0.166307	0.859454	-0.332147	-0.940918	-0.0659681	-0.0212361	0.0773807	-0.996775	0.942989	-0.329675	-0.0456833	
0.293573	-0.166307	0.859454	-0.332147	-0.940918	-0.0659681	-0.0212361	0.0773807	-0.996775	0.942989	-0.329675	-0.0456833	
0.293573	-0.166307	0.859454	-0.332147	-0.940918	-0.0659681	-0.0212361	0.0773807	-0.996775	0.942989	-0.329675	-0.0456833	
0.293573	-0.166307	0.859454	-0.332147	-0.940918	-0.0659681	-0.0212361	0.0773807	-0.996775	0.942989	-0.329675	-0.0456833	
0.293573	-0.166307	0.859454	-0.332147	-0.940918	-0.0659681	-0.0212361	0.0773807	-0.996775	0.942989	-0.329675	-0.0456833	
0.293573	-0.166307	0.859454	-0.332147	-0.940918	-0.0659681	-0.0212361	0.0773807	-0.996775	0.942989	-0.329675	-0.0456833	
0.293573	-0.166307	0.859454	-0.332147	-0.940918	-0.0659681	-0.0212361	0.0773807	-0.996775	0.942989	-0.329675	-0.0456833	
0.293573	-0.166307	0.859454	-0.332147	-0.940918	-0.0659681	-0.0212361	0.0773807	-0.996775	0.942989	-0.329675	-0.0456833	
0.293573	-0.166307	0.859454	-0.332147	-0.940918	-0.0659681	-0.0212361	0.0773807	-0.996775	0.942989	-0.329675	-0.0456833	
0.293573	-0.166307	0.859454	-0.332147	-0.940918	-0.0659681	-0.0212361	0.0773807	-0.996775	0.942989	-0.329675	-0.0456833	
0.293573	-0.166307	0.859454	-0.332147	-0.940918	-0.0659681	-0.0212361	0.0773807	-0.996775	0.942989	-0.329675	-0.0456833	
0.293573	-0.166307	0.859454	-0.332147	-0.940918	-0.0659681	-0.0212361	0.0773807	-0.996775	0.942989	-0.329675	-0.0456833	
0.293573	-0.166307	0.859454	-0.332147	-0.940918	-0.0659681	-0.0212361	0.0773807	-0.996775	0.942989	-0.329675	-0.0456833	
0.293573	-0.166307	0.859454	-0.332147	-0.940918	-0.0659681	-0.0212361	0.0773807	-0.996775	0.942989	-0.329675	-0.0456833	
0.293573	-0.166307	0.859454	-0.332147	-0.940918	-0.0659681	-0.0212361	0.0773807	-0.996775	0.942989	-0.329675	-0.0456833	
0.293573	-0.166307	0.859454	-0.332147	-0.940918	-0.0659681	-0.0212361	0.0773807	-0.996775	0.942989	-0.329675	-0.0456833	
0.293573	-0.166307	0.859454	-0.332147	-0.940918	-0.0659681	-0.0212361	0.0773807	-0.996775	0.942989	-0.329675	-0.0456833	
0.293573	-0.166307	0.859454	-0.332147	-0.940918	-0.0659681	-0.0212361	0.0773807	-0.996775	0.942989	-0.329675	-0.0456833	
0.293573	-0.166307	0.859454	-0.332147	-0.940918	-0.0659681	-0.0212361	0.0773807	-0.996775	0.942989	-0.329675	-0.0456833	
0.293573	-0.166307	0.859454	-0.332147	-0.940918	-0.0659681	-0.0212361	0.0773807	-0.996775	0.942989	-0.329675	-0.0456833	
0.293573	-0.166307	0.859454	-0.332147	-0.940918	-0.0659681	-0.0212361	0.0773807	-0.996775	0.942989	-0.329675	-0.0456833	
0.293573	-0.166307	0.859454	-0.332147	-0.940918	-0.0659681	-0.0212361	0.0773807	-0.996775	0.942989	-0.329675	-0.0456833	
0.293573	-0.166307	0.859454	-0.332147	-0.940918	-0.0659681	-0.0212361	0.0773807	-0.996775	0.942989	-0.329675	-0.0456833	
0.293573	-0.166307	0.859454	-0.332147	-0.940918	-0.0659681	-0.0212361	0.0773807	-0.996775	0.942989	-0.329675	-0.0456833	
0.293573	-0.166307	0.859454	-0.332147	-0.940918	-0.0659681	-0.0212361	0.0773807	-0.996775	0.942989	-0.329675	-0.0456833	
0.293573	-0.166307	0.859454	-0.332147	-0.940918	-0.0659681	-0.0212361	0.0773807	-0.996775	0.942989	-0.329675	-0.0456833	
0.293573	-0.166307	0.859454	-0.332147	-0.940918	-0.0659681	-0.0212361	0.0773807	-0.996775	0.942989	-0.329675	-0.0456833	
0.293573	-0.166307	0.859454	-0.332147	-0.940918	-0.0659681	-0.0212361	0.0773807	-0.996775	0.942989	-0.329675	-0.0456833	
0.293573	-0.166307	0.859454	-0.332147	-0.940918	-0.0659681	-0.0212361	0.0773807	-0.996775	0.942989	-0.329675	-0.0456833	
0.293573	-0.166307	0.859454	-0.332147	-0.940918	-0.0659681	-0.0212361	0.0773807	-0.996775	0.942989	-0.329675	-0.0456833	
0.293573	-0.166307	0.859454	-0.332147	-0.940918	-0.0659681	-0.0212361	0.0773807	-0.996775	0.942989	-0.329675	-0.0456833	
0.293573	-0.166307	0.859454	-0.332147	-0.940918	-0.0659681	-0.0212361	0.0773807	-0.996775	0.942989	-0.329675	-0.0456833	
0.293573	-0.166307	0.859454	-0.332147	-0.940918	-0.0659681	-0.0212361	0.0773807	-0.996775	0.942989	-0.329675	-0.0456833	
0.293573	-0.166307	0.859454	-0.332147	-0.940918	-0.0659681	-0.0212361	0.0773807	-0.996775	0.942989	-0.329675	-0.0456833	
0.293573	-0.166307	0.859454	-0.332147	-0.940918	-0.0659681	-0.0212361	0.0773807	-0.996775	0.942989	-0.329675	-0.0456833	
0.293573	-0.166307	0.859454	-0.332147	-0.940918	-0.0659681	-0.0212361	0.0773807	-0.996775	0.942989	-0.329675	-0.0456833	
0.293573	-0.166307	0.859454	-0.332147	-0.940918	-0.0659681	-0.0212361	0.0773807	-0.996775	0.942989	-0.329675	-0.0456833	
0.293573	-0.166307	0.859454	-0.332147	-0.940918	-0.0659681	-0.0212361	0.0773807	-0.996775	0.942989	-0.329675	-0.0456833	
0.293573	-0.166307	0.859454	-0.332147	-0.940918	-0.0659681	-0.0212361	0.0773807	-0.996775	0.942989	-0.329675	-0.0456833	
0.293573	-0.166307	0.859454	-0.332147	-0.940918	-0.0659681	-0.0212361	0.0773807	-0.996775	0.942989	-0.329675	-0.0456833	
0.293573	-0.166307	0.859454	-0.332147	-0.940918	-0.0659681	-0.0212361	0.0773807	-0.996775	0.942989	-0.329675	-0.0456833	
0.293573	-0.166307	0.859454	-0.332147	-0.940918	-0.0659681	-0.0212361	0.0773807	-0.996775	0.942989	-0.329675	-0.0456833	
0.293573	-0.166307	0.859454	-0.332147	-0.940918	-0.0659681	-0.0212361	0.0773807	-0.996775	0.942989	-0.329675	-0.0456833	
0.293573	-0.166307	0.859454	-0.332147	-0.940918	-0.0659681	-0.0212361	0.0773807	-0.996775	0.942989	-0.329675	-0.0456833	
0.293573	-0.166307	0.859454	-0.332147	-0.940918	-0.0659681	-0.0212361	0.0773807	-0.996775	0.942989	-0.329675	-0.0456833	
0.293573	-0.166307	0.859454	-0.332147	-0.940918	-0.0659681	-0.0212361	0.0773807	-0.996775	0.942989	-0.329675	-0.0456833	
0.293573	-0.166307	0.859454	-0.332147	-0.940918	-0.0659681	-0.0212361	0.0773807	-0.996775	0.942989	-0.329675	-0.0456833	
0.293573	-0.166307	0.859454	-0.332147	-0.940918	-0.0659681	-0.0212361	0.0773807	-0.996775	0.942989	-0.329675	-0.0456833	
0.293573	-0.166307	0.859454	-0.332147	-0.940918	-0.0659681	-0.0212361	0.0773807	-0.996775	0.942989	-0.329675	-0.0456833	
0.293573	-0.166307	0.859454	-0.332147	-0.940918	-0.0659681	-0.0212361	0.0773807	-0.996775	0.942989	-0.329675	-0.0456833	
0.293573	-0.166307	0.859454	-0.332147	-0.940918	-0.0659681	-0.0212361	0.0773807	-0.996775	0.942989	-0.329675	-0.0456833	
0.293573	-0.166307	0.859454	-0.332147	-0.940918	-0.0659681	-0.0212361	0.0773807	-0.996775	0.942989	-0.329675	-0.0456833	
0.293573	-0.166307	0.859454	-0.332147	-0.940918	-0.0659681	-0.0212361	0.0773807	-0.996775	0.942989	-0.329675	-0.0456833	
0.293573	-0.166307	0.859454	-0.332147	-0.940918	-0.0659681	-0.0212361	0.0773807	-0.996775	0.942989	-0.329675	-0.0456833	
0.293573	-0.166307	0.859454	-0.332147	-0.940918	-0.0659681	-0.0212361	0.0773807	-0.996775	0.942989	-0.329675	-0.0456833	
0.293573	-0.166307	0.859454	-0.332147	-0.940918	-0.0659681	-0.0212361	0.0773807	-0.996775	0.942989	-0.329675	-0.0456833	
0.293573	-0.166307	0.859454	-0.332147	-0.940918	-0.0659681	-0.0212361	0.0773807	-0.996775	0.942989	-0.329675	-0.0456833	
0.293573	-0.166307	0.859454	-0.332147	-0.940918	-0.0659681	-0.0212361	0.0773807	-0.996775	0.942989	-0.329675	-0.0456833	
0.293573	-0.166307	0.859454	-0.332147	-0.940918	-0.0659681	-0.0212361	0.0773807	-0.996775	0.942989	-0.329675	-0.0456833	
0.293573	-0.166307	0.859454	-0.332147	-0.940918	-0.0659681	-0.0212361	0.0773807	-0.996775	0.942989	-0.329675	-0.0456833	
0.293573	-0.166307	0.859454	-0.332147	-0.940918	-0.0659681	-0.0212361	0.0773807	-0.996775	0.942989	-0.329675	-0.0456833	
0.293573	-0.166307	0.859454	-0.332147	-0.940918	-0.0659681	-0.0212361	0.0773807	-0.996775	0.942989	-0.329675	-0.0456833	
0.293573	-0.166307	0.859454	-0.332147	-0.940918	-0.0659681	-0.0212361	0.0773807	-0.996775	0.942989	-0.329675	-0.0456833	
0.293573	-0.166307	0.859454	-0.332147	-0.940918	-0.0659681	-0.0212361	0.0773807	-0.996775	0.942989	-0.329675	-0.0456833	
0.293573	-0.166307	0.859454	-0.332147	-0.940918	-0.0659681	-0.0212361	0.0773807	-0.996775	0.942989	-0.329675	-0.0456833	
0.293573	-0.166307	0.859454	-0.332147	-0.940918	-0.0659681	-0.0212361	0.0773807	-0.996775	0.942989	-0.329675	-0.0456833	
0.293573	-0.166307	0.859454	-0.332147	-0.940918	-0.0659681	-0.0212361	0.0773807	-0.996775	0.942989	-0.329675	-0.0456833	
0.293573	-0.166307	0.859454	-0.332147	-0.940918	-0.0659681	-0.0212361	0.0773807	-0.996775	0.942989	-0.329675	-0.0456833	
0.293573	-0.166307	0.859454	-0.332147	-0.940918	-0.0659681	-0.0212361	0.0773807	-0.996775	0.942989	-0.329675	-0.0456833	
0.293573	-0.166307	0.859454	-0.332147	-0.940918	-0.0659681	-0.0212361	0.0773807	-0.996775	0.942989	-0.329675	-0.0456833	
0.293573	-0.166307	0.859454	-0.332147	-0.940918	-0.0659681	-0.0212361	0.0773807	-0.996775	0.942989	-0.329675	-0.0456833	
0.293573	-0.166307	0.859454	-0.332147	-0.940918	-0.0659681	-0.0212361	0.0773807	-0.996775	0.942989	-0.329675	-0.0456833	
0.293573	-0.166307	0.859454	-0.332147	-0.940918	-0.0659681	-0.0212361	0.0773807	-0.996775	0.942989	-0.329675	-0.0456833	
0.293573	-0.166307	0.859454	-0.332147	-0.940918	-0.0659681	-0.0212361	0.0773807	-0.996775	0.942989	-0.329675	-0.0456833	
0.293882	-0.164665	0.860117	-0.328928	-0.94209	-0.0653742	-0.0201899	0.0762259	-0.996886	0.944139	-0.326584	-0.0440935	
0.29417	-0.163111	0.860739	-0.325881	-0.943187	-0.0648099	-0.0192035	0.0751417	-0.996988	0.945216	-0.323655	-0.0425997	
0.294452	-0.161548	0.861365	-0.322816	-0.944279	-0.0642404	-0.0182034	0.0740562	-0.997088	0.946287	-0.320707	-0.0410956	
0.294727	-0.15998	0.861991	-0.319744	-0.945363	-0.0636677	-0.0171944	0.0729734	-0.997186	0.947348	-0.317749	-0.0395877	
0.294996	-0.158407	0.862619	-0.316663	-0.946438	-0.0630917	-0.0161763	0.0718934	-0.997281	0.9484	-0.314781	-0.0380758	
0.295257	-0.15683	0.863248	-0.313573	-0.947504	-0.0625123	-0.0151492	0.0708161	-0.997374	0.949443	-0.311803	-0.0365599	
0.295511	-0.155249	0.863878	-0.310476	-0.948562	-0.0619296	-0.0141129	0.0697417	-0.997465	0.950476	-0.308815	-0.0350401	
0.295758	-0.153664	0.864509	-0.307371	-0.949611	-0.0613435	-0.0130676	0.0686704	-0.997554	0.9515	-0.305817	-0.0335164	
0.295999	-0.152074	0.865141	-0.304258	-0.95065	-0.0607541	-0.0120133	0.067602	-0.99764	0.952514	-0.30281	-0.0319889	
0.296232	-0.15048	0.865774	-0.301137	-0.951681	-0.0601614	-0.01095	0.0665368	-0.997724	0.953518	-0.299792	-0.0304576	
0.296457	-0.148882	0.866408	-0.298008	-0.952703	-0.0595652	-0.00987768	0.0654749	-0.997805	0.954512	-0.296765	-0.0289225	
0.296676	-0.147279	0.867043	-0.294871	-0.953716	-0.0589657	-0.00879645	0.0644163	-0.997884	0.955496	-0.293729	-0.0273838	
0.296887	-0.145673	0.867678	-0.291728	-0.954719	-0.0583629	-0.0077063	0.063361	-0.997961	0.95647	-0.290683	-0.0258415	
0.297091	-0.144062	0.868315	-0.288576	-0.955713	-0.0577567	-0.00660726	0.0623093	-0.998035	0.957434	-0.287628	-0.0242956	
0.297287	-0.142448	0.868952	-0.285418	-0.956698	-0.0571471	-0.00549939	0.0612612	-0.998107	0.958387	-0.284563	-0.0227463	
0.297476	-0.14083	0.86959	-0.282252	-0.957673	-0.0565341	-0.0043827	0.0602168	-0.998176	0.95933	-0.281489	-0.0211935	
0.297658	-0.139208	0.870229	-0.279079	-0.958639	-0.0559178	-0.00325723	0.0591761	-0.998242	0.960263	-0.278406	-0.0196373	
0.297832	-0.137582	0.870869	-0.275899	-0.959595	-0.0552981	-0.00212303	0.0581393	-0.998306	0.961184	-0.275314	-0.0180778	
0.297999	-0.135952	0.871509	-0.272712	-0.960541	-0.054675	-0.000980132	0.0571064	-0.998368	0.962095	-0.272213	-0.0165151	
0.298158	-0.134319	0.87215	-0.269518	-0.961477	-0.0540486	0.000171422	0.0560776	-0.998426	0.962995	-0.269104	-0.0149491	
0.298309	-0.132682	0.872792	-0.266318	-0.962404	-0.0534188	0.00133159	0.0550529	-0.998483	0.963884	-0.265985	-0.0133801	
0.298453	-0.131042	0.873434	-0.263111	-0.96332	-0.0527856	0.00250033	0.0540323	-0.998536	0.964762	-0.262858	-0.0118079	
0.298588	-0.129398	0.874077	-0.259898	-0.964227	-0.0521491	0.00367758	0.0530161	-0.998587	0.965629	-0.259723	-0.0102328	
0.298717	-0.127751	0.87472	-0.256678	-0.965123	-0.0515091	0.00486332	0.0520043	-0.998635	0.966485	-0.256579	-0.00865467	
0.298837	-0.1261	0.875364	-0.253453	-0.96601	-0.0508659	0.00605748	0.0509969	-0.99868	0.967329	-0.253426	-0.0070737	
0.298949	-0.124447	0.876008	-0.250221	-0.966886	-0.0502192	0.00726002	0.049994	-0.998723	0.968162	-0.250266	-0.00548993	
0.299054	-0.12279	0.876653	-0.246983	-0.967751	-0.0495692	0.00847088	0.0489958	-0.998763	0.968983	-0.247097	-0.00390341	
0.299151	-0.12113	0.877298	-0.243739	-0.968607	-0.0489159	0.00969001	0.0480023	-0.9988	0.969793	-0.24392	-0.00231422	
0.299239	-0.119466	0.877943	-0.240489	-0.969451	-0.0482592	0.0109174	0.0470136	-0.998835	0.97059	-0.240736	-0.000722418	
0.29932	-0.1178	0.878589	-0.237234	-0.970286	-0.0475991	0.0121529	0.0460298	-0.998866	0.971377	-0.237543	0.000871917	
0.299393	-0.116131	0.879235	-0.233973	-0.971109	-0.0469358	0.0133965	0.045051	-0.998895	0.972151	-0.234343	0.00246872	
0.299458	-0.11446	0.879882	-0.230707	-0.971923	-0.046269	0.0146481	0.0440772	-0.998921	0.972913	-0.231136	0.00406792	
0.299514	-0.112785	0.880529	-0.227436	-0.972725	-0.045599	0.0159078	0.0431086	-0.998944	0.973663	-0.227921	0.00566945	
0.299563	-0.111108	0.881176	-0.224159	-0.973516	-0.0449256	0.0171753	0.0421452	-0.998964	0.974401	-0.224699	0.00727324	
0.299603	-0.109428	0.881823	-0.220878	-0.974297	-0.0442489	0.0184508	0.0411871	-0.998981	0.975127	-0.221469	0.00887921	
0.299636	-0.107745	0.88247	-0.217592	-0.975067	-0.0435689	0.019734	0.0402343	-0.998995	0.97584	-0.218233	0.0104873	
0.29966	-0.10606	0.883117	-0.2143	-0.975826	-0.0428855	0.0210249	0.039287	-0.999007	0.976541	-0.214989	0.0120974	
0.299675	-0.104373	0.883765	-0.211005	-0.976574	-0.0421989	0.0223235	0.0383453	-0.999015	0.97723	-0.211739	0.0137095	
0.299683	-0.102683	0.884412	-0.207704	-0.977311	-0.041509	0.0236297	0.0374091	-0.999021	0.977906	-0.208482	0.0153235	
0.299682	-0.100991	0.88506	-0.2044	-0.978036	-0.0408158	0.0249434	0.0364787	-0.999023	0.97857	-0.205218	0.0169393	
0.299674	-0.0992972	0.885707	-0.201091	-0.978751	-0.0401193	0.0262645	0.035554	-0.999023	0.97922	-0.201948	0.0185568	
0.299656	-0.097601	0.886354	-0.197778	-0.979454	-0.0394196	0.027593	0.0346352	-0.999019	0.979858	-0.198672	0.020176	
0.299631	-0.0959027	0.887002	-0.194461	-0.980146	-0.0387166	0.0289288	0.0337223	-0.999012	0.980483	-0.195389	0.0217968	
0.299597	-0.0942026	0.887649	-0.191141	-0.980826	-0.0380103	0.0302719	0.0328154	-0.999003	0.981096	-0.192101	0.0234191	
0.299555	-0.0925005	0.888296	-0.187816	-0.981496	-0.0373008	0.0316221	0.0319146	-0.99899	0.981695	-0.188806	0.0250428	
0.299504	-0.0907967	0.888942	-0.184489	-0.982153	-0.0365881	0.0329793	0.0310199	-0.998975	0.982281	-0.185506	0.0266679	
0.299445	-0.0890912	0.889589	-0.181157	-0.9828	-0.0358722	0.0343436	0.0301314	-0.998956	0.982854	-0.1822	0.0282943	
0.299377	-0.0873841	0.890235	-0.177823	-0.983434	-0.0351531	0.0357147	0.0292493	-0.998934	0.983414	-0.178889	0.0299219	
0.299302	-0.0856754	0.890881	-0.174485	-0.984058	-0.0344308	0.0370927	0.0283734	-0.998909	0.983961	-0.175572	0.0315506	
0.299217	-0.0839652	0.891527	-0.171144	-0.984669	-0.0337053	0.0384774	0.027504	-0.998881	0.984494	-0.17225	0.0331803	
0.299125	-0.0822536	0.892172	-0.167801	-0.985269	-0.0329767	0.0398688	0.0266411	-0.99885	0.985014	-0.168923	0.0348111	
0.299023	-0.0805408	0.892817	-0.164455	-0.985857	-0.0322448	0.0412667	0.0257848	-0.998815	0.985521	-0.16559	0.0364427	
0.298914	-0.0788267	0.893461	-0.161106	-0.986434	-0.0315099	0.0426712	0.0249351	-0.998778	0.986014	-0.162254	0.0380751	
0.298795	-0.0771114	0.894105	-0.157755	-0.986999	-0.0307718	0.044082	0.0240921	-0.998737	0.986494	-0.158912	0.0397082	
0.298669	-0.0753951	0.894748	-0.154401	-0.987552	-0.0300307	0.0454991	0.0232558	-0.998694	0.98696	-0.155566	0.041342	
0.298534	-0.0736779	0.895391	-0.151045	-0.988093	-0.0292864	0.0469225	0.0224264	-0.998647	0.987413	-0.152215	0.0429764	
0.29839	-0.0719597	0.896033	-0.147688	-0.988622	-0.0285391	0.048352	0.0216038	-0.998597	0.987851	-0.14886	0.0446112	
0.298238	-0.0702407	0.896674	-0.144328	-0.98914	-0.0277887	0.0497875	0.0207882	-0.998543	0.988277	-0.145502	0.0462465	
0.298077	-0.068521	0.897315	-0.140967	-0.989645	-0.0270352	0.051229	0.0199796	-0.998487	0.988688	-0.142139	0.0478821	
0.297908	-0.0668006	0.897955	-0.137604	-0.990139	-0.0262787	0.0526763	0.019178	-0.998427	0.989086	-0.138772	0.0495179	
0.29773	-0.0650796	0.898594	-0.13424	-0.99062	-0.0255192	0.0541294	0.0183836	-0.998365	0.989469	-0.135402	0.0511539	
0.297544	-0.0633582	0.899233	-0.130875	-0.99109	-0.0247567	0.0555881	0.0175963	-0.998299	0.989839	-0.132028	0.0527899	
0.297349	-0.0616364	0.899871	-0.127508	-0.991547	-0.0239913	0.0570525	0.0168163	-0.99823	0.990195	-0.128651	0.054426	
0.297146	-0.0599142	0.900507	-0.12414	-0.991993	-0.0232229	0.0585222	0.0160436	-0.998157	0.990537	-0.125271	0.056062	
0.296935	-0.0581918	0.901143	-0.120772	-0.992426	-0.0224515	0.0599974	0.0152782	-0.998082	0.990866	-0.121887	0.0576978	
0.296714	-0.0564693	0.901778	-0.117403	-0.992848	-0.0216772	0.0614778	0.0145201	-0.998003	0.99118	-0.118501	0.0593334	
0.296486	-0.0547467	0.902413	-0.114033	-0.993257	-0.0209001	0.0629634	0.0137696	-0.997921	0.99148	-0.115112	0.0609686	
0.296249	-0.0530241	0.903046	-0.110663	-0.993654	-0.02012	0.064454	0.0130265	-0.997836	0.991766	-0.11172	0.0626035	
0.296003	-0.0513016	0.903678	-0.107292	-0.994039	-0.0193371	0.0659497	0.0122909	-0.997747	0.992038	-0.108326	0.0642378	
0.295749	-0.0495792	0.904309	-0.103922	-0.994412	-0.0185513	0.0674502	0.0115629	-0.997656	0.992296	-0.10493	0.0658716	
0.295487	-0.0478572	0.904939	-0.100552	-0.994773	-0.0177628	0.0689554	0.0108425	-0.997561	0.992539	-0.101531	0.0675048	
0.295216	-0.0461355	0.905567	-0.0971813	-0.995122	-0.0169714	0.0704654	0.0101298	-0.997463	0.992769	-0.0981306	0.0691372	
0.294936	-0.0444142	0.906195	-0.0938114	-0.995459	-0.0161773	0.0719798	0.00942485	-0.997362	0.992985	-0.0947283	0.0707688	
0.294648	-0.0426934	0.906822	-0.0904419	-0.995783	-0.0153804	0.0734988	0.00872761	-0.997257	0.993186	-0.0913243	0.0723995	
0.294352	-0.0409733	0.907447	-0.0870731	-0.996095	-0.0145807	0.0750221	0.00803817	-0.997149	0.993373	-0.0879188	0.0740292	
0.294048	-0.0392538	0.908071	-0.083705	-0.996395	-0.0137784	0.0765496	0.00735655	-0.997039	0.993546	-0.0845119	0.0756579	
0.293735	-0.037535	0.908693	-0.0803378	-0.996683	-0.0129734	0.0780813	0.00668279	-0.996925	0.993705	-0.0811037	0.0772854	
0.293414	-0.0358171	0.909315	-0.0769717	-0.996959	-0.0121657	0.079617	0.00601694	-0.996807	0.993849	-0.0776946	0.0789118	
0.293084	-0.0341002	0.909934	-0.0736068	-0.997223	-0.0113554	0.0811567	0.00535902	-0.996687	0.99398	-0.0742845	0.0805368	
0.292746	-0.0323842	0.910553	-0.0702432	-0.997474	-0.0105425	0.0827001	0.00470907	-0.996563	0.994096	-0.0708737	0.0821605	
0.2924	-0.0306694	0.91117	-0.0668811	-0.997714	-0.00972703	0.0842473	0.00406711	-0.996437	0.994198	-0.0674623	0.0837827	
0.292046	-0.0289557	0.911786	-0.0635207	-0.997941	-0.00890897	0.0857981	0.00343319	-0.996307	0.994286	-0.0640504	0.0854034	
0.291683	-0.0272432	0.9124	-0.060162	-0.998156	-0.00808838	0.0873524	0.00280732	-0.996174	0.994359	-0.0606383	0.0870224	
0.291313	-0.0255321	0.913012	-0.0568052	-0.998359	-0.00726528	0.0889101	0.00218953	-0.996037	0.994419	-0.0572261	0.0886398	
0.290934	-0.0238224	0.913623	-0.0534505	-0.99855	-0.0064397	0.0904711	0.00157985	-0.995898	0.994464	-0.0538138	0.0902554	
0.290547	-0.0221142	0.914233	-0.050098	-0.998729	-0.00561166	0.0920352	0.000978306	-0.995755	0.994495	-0.0504018	0.0918692	
0.290152	-0.0204076	0.914841	-0.0467478	-0.998895	-0.00478119	0.0936024	0.000384917	-0.99561	0.994512	-0.0469901	0.093481	
0.289748	-0.0187026	0.915447	-0.0434001	-0.99905	-0.00394832	0.0951726	-0.000200294	-0.995461	0.994514	-0.0435789	0.0950909	
0.289337	-0.0169994	0.916051	-0.0400551	-0.999193	-0.00311308	0.0967456	-0.000777307	-0.995309	0.994503	-0.0401683	0.0966987	
0.288918	-0.015298	0.916654	-0.0367128	-0.999323	-0.00227549	0.0983214	-0.0013461	-0.995154	0.994477	-0.0367586	0.0983043	
0.28849	-0.0135984	0.917255	-0.0333734	-0.999442	-0.00143557	0.0998998	-0.00190667	-0.994996	0.994438	-0.0333498	0.0999077	
0.288055	-0.0119009	0.917854	-0.030037	-0.999549	-0.000593372	0.101481	-0.00245898	-0.994834	0.994384	-0.0299421	0.101509	
0.287612	-0.0102053	0.918451	-0.0267038	-0.999643	0.000251094	0.103064	-0.00300303	-0.99467	0.994316	-0.0265356	0.103108	
0.287161	-0.00851193	0.919047	-0.023374	-0.999726	0.00109779	0.10465	-0.00353881	-0.994503	0.994234	-0.0231306	0.104704	
0.286702	-0.00682073	0.919641	-0.0200475	-0.999797	0.0019467	0.106238	-0.00406629	-0.994332	0.994139	-0.0197271	0.106298	
0.286235	-0.0051318	0.920232	-0.0167247	-0.999856	0.00279778	0.107828	-0.00458548	-0.994159	0.994029	-0.0163253	0.107889	
0.285761	-0.00344522	0.920822	-0.0134056	-0.999903	0.003651	0.10942	-0.00509636	-0.993983	0.993905	-0.0129254	0.109477	
0.285279	-0.00176106	0.92141	-0.0100903	-0.999939	0.00450635	0.111013	-0.00559892	-0.993803	0.993768	-0.00952752	0.111063	
0.284789	-7.94025e-05	0.921996	-0.00677903	-0.999963	0.00536377	0.112609	-0.00609316	-0.993621	0.993616	-0.00613178	0.112646	
0.284291	0.00159968	0.92258	-0.00347187	-0.999975	0.00622326	0.114206	-0.00657908	-0.993435	0.993451	-0.00273834	0.114226	
0.284312	0.00153708	0.922556	-0.00359514	-0.999974	0.0061912	0.114139	-0.00656112	-0.993443	0.993458	-0.00286491	0.11416	
0.284311	0.00153949	0.922557	-0.0035904	-0.999974	0.00619244	0.114142	-0.00656182	-0.993443	0.993458	-0.00286004	0.114163	
0.284312	0.00153939	0.922557	-0.00359058	-0.999974	0.00619239	0.114142	-0.00656179	-0.993443	0.993458	-0.00286023	0.114162	
0.284312	0.0015394	0.922557	-0.00359057	-0.999974	0.00619239	0.114142	-0.00656179	-0.993443	0.993458	-0.00286022	0.114162	
0.284312	0.0015394	0.922557	-0.00359057	-0.999974	0.00619239	0.114142	-0.00656179	-0.993443	0.993458	-0.00286022	0.114162	
0.284312	0.0015394	0.922557	-0.00359057	-0.999974	0.00619239	0.114142	-0.00656179	-0.993443	0.993458	-0.00286022	0.114162	
0.284312	0.0015394	0.922557	-0.00359057	-0.999974	0.00619239	0.114142	-0.00656179	-0.993443	0.993458	-0.00286022	0.114162	
0.284312	0.0015394	0.922557	-0.00359057	-0.999974	0.00619239	0.114142	-0.00656179	-0.993443	0.993458	-0.00286022	0.114162	
0.284312	0.0015394	0.922557	-0.00359057	-0.999974	0.00619239	0.114142	-0.00656179	-0.993443	0.993458	-0.00286022	0.114162	
0.284312	0.0015394	0.922557	-0.00359057	-0.999974	0.00619239	0.114142	-0.00656179	-0.993443	0.993458	-0.00286022	0.114162	
0.284312	0.0015394	0.922557	-0.00359057	-0.999974	0.00619239	0.114142	-0.00656179	-0.993443	0.993458	-0.00286022	0.114162	
0.284312	0.0015394	0.922557	-0.00359057	-0.999974	0.00619239	0.114142	-0.00656179	-0.993443	0.993458	-0.00286022	0.114162	
0.284312	0.0015394	0.922557	-0.00359057	-0.999974	0.00619239	0.114142	-0.00656179	-0.993443	0.993458	-0.00286022	0.114162	
0.284312	0.0015394	0.922557	-0.00359057	-0.999974	0.00619239	0.114142	-0.00656179	-0.993443	0.993458	-0.00286022	0.114162	
0.284312	0.0015394	0.922557	-0.00359057	-0.999974	0.00619239	0.114142	-0.00656179	-0.993443	0.993458	-0.00286022	0.114162	
0.284312	0.0015394	0.922557	-0.00359057	-0.999974	0.00619239	0.114142	-0.00656179	-0.993443	0.993458	-0.00286022	0.114162	
0.284312	0.0015394	0.922557	-0.00359057	-0.999974	0.00619239	0.114142	-0.00656179	-0.993443	0.993458	-0.00286022	0.114162	
0.284312	0.0015394	0.922557	-0.00359057	-0.999974	0.00619239	0.114142	-0.00656179	-0.993443	0.993458	-0.00286022	0.114162	
0.284312	0.0015394	0.922557	-0.00359057	-0.999974	0.00619239	0.114142	-0.00656179	-0.993443	0.993458	-0.00286022	0.114162	
0.284312	0.0015394	0.922557	-0.00359057	-0.999974	0.00619239	0.114142	-0.00656179	-0.993443	0.993458	-0.00286022	0.114162	
0.284312	0.0015394	0.922557	-0.00359057	-0.999974	0.00619239	0.114142	-0.00656179	-0.993443	0.993458	-0.00286022	0.114162	
0.284312	0.0015394	0.922557	-0.00359057	-0.999974	0.00619239	0.114142	-0.00656179	-0.993443	0.993458	-0.00286022	0.114162	
0.284312	0.0015394	0.922557	-0.00359057	-0.999974	0.00619239	0.114142	-0.00656179	-0.993443	0.993458	-0.00286022	0.114162	
0.284312	0.0015394	0.922557	-0.00359057	-0.999974	0.00619239	0.114142	-0.00656179	-0.993443	0.993458	-0.00286022	0.114162	
0.284312	0.0015394	0.922557	-0.00359057	-0.999974	0.00619239	0.114142	-0.00656179	-0.993443	0.993458	-0.00286022	0.114162	
0.284312	0.0015394	0.922557	-0.00359057	-0.999974	0.00619239	0.114142	-0.00656179	-0.993443	0.993458	-0.00286022	0.114162	
0.284312	0.0015394	0.922557	-0.00359057	-0.999974	0.00619239	0.114142	-0.00656179	-0.993443	0.993458	-0.00286022	0.114162	
0.284312	0.0015394	0.922557	-0.00359057	-0.999974	0.00619239	0.114142	-0.00656179	-0.993443	0.993458	-0.00286022	0.114162	
0.284312	0.0015394	0.922557	-0.00359057	-0.999974	0.00619239	0.114142	-0.00656179	-0.993443	0.993458	-0.00286022	0.114162	
0.284312	0.0015394	0.922557	-0.00359057	-0.999974	0.00619239	0.114142	-0.00656179	-0.993443	0.993458	-0.00286022	0.114162	
