0.319397	-0.000609406	0.878032	-0.00122423	-0.999999	7.28111e-05	-0.000725148	-7.19234e-05	-1	0.999999	-0.00122428	-0.00072506	
0.319745	-0.0012392	0.877474	-0.00259725	-0.999997	0.000495696	-0.00224806	-0.000489858	-0.999997	0.999994	-0.00259836	-0.00224678	
0.320091	-0.00188118	0.876915	-0.00405739	-0.999991	0.00113109	-0.00377328	-0.00111578	-0.999992	0.999985	-0.00406162	-0.00376872	
0.320435	-0.00252333	0.876356	-0.00551556	-0.999983	0.00177834	-0.00530061	-0.0017491	-0.999984	0.999971	-0.0055249	-0.00529088	
0.320778	-0.00316563	0.875797	-0.00697172	-0.999973	0.00243657	-0.00683008	-0.00238895	-0.999974	0.999952	-0.00698817	-0.00681323	
0.32112	-0.00380809	0.875237	-0.00842582	-0.99996	0.0031049	-0.00836169	-0.00303444	-0.99996	0.99993	-0.00845144	-0.00833579	
0.32146	-0.0044507	0.874677	-0.00987782	-0.999944	0.00378243	-0.00989549	-0.00368468	-0.999944	0.999902	-0.0099147	-0.00985854	
0.321798	-0.00509345	0.874116	-0.0113277	-0.999926	0.00446823	-0.0114315	-0.00433873	-0.999925	0.99987	-0.0113779	-0.0113815	
0.322134	-0.00573635	0.873555	-0.0127754	-0.999905	0.00516138	-0.0129696	-0.00499566	-0.999903	0.999834	-0.0128411	-0.0129046	
0.322469	-0.0063794	0.872994	-0.014221	-0.999882	0.00586091	-0.01451	-0.00565452	-0.999879	0.999794	-0.0143043	-0.0144279	
0.322803	-0.00702258	0.872432	-0.0156643	-0.999856	0.00656587	-0.0160525	-0.00631435	-0.999851	0.999748	-0.0157674	-0.0159513	
0.323135	-0.0076659	0.871869	-0.0171055	-0.999827	0.00727527	-0.0175973	-0.00697416	-0.999821	0.999699	-0.0172304	-0.0174749	
0.323465	-0.00830935	0.871306	-0.0185444	-0.999796	0.00798812	-0.0191441	-0.00763296	-0.999788	0.999645	-0.0186934	-0.0189987	
0.323794	-0.00895294	0.870743	-0.0199812	-0.999762	0.0087034	-0.0206932	-0.00828973	-0.999752	0.999586	-0.0201563	-0.0205226	
0.324121	-0.00959665	0.870179	-0.0214157	-0.999726	0.0094201	-0.0222443	-0.00894346	-0.999713	0.999523	-0.0216191	-0.0220467	
0.324447	-0.0102405	0.869615	-0.0228481	-0.999688	0.0101372	-0.0237975	-0.0095931	-0.999671	0.999456	-0.0230818	-0.0235708	
0.324771	-0.0108845	0.86905	-0.0242784	-0.999646	0.0108536	-0.0253527	-0.0102376	-0.999626	0.999384	-0.0245445	-0.0250952	
0.325094	-0.0115285	0.868485	-0.0257065	-0.999603	0.0115683	-0.0269099	-0.010876	-0.999579	0.999307	-0.026007	-0.0266196	
0.325415	-0.0121727	0.867919	-0.0271326	-0.999556	0.0122802	-0.028469	-0.011507	-0.999528	0.999226	-0.0274694	-0.0281442	
0.325734	-0.0128171	0.867353	-0.0285566	-0.999508	0.0129882	-0.03003	-0.0121298	-0.999475	0.999141	-0.0289316	-0.0296688	
0.326052	-0.0134615	0.866787	-0.0299786	-0.999457	0.0136913	-0.0315928	-0.0127432	-0.99942	0.999051	-0.0303937	-0.0311936	
0.326368	-0.014106	0.86622	-0.0313987	-0.999403	0.0143883	-0.0331573	-0.013346	-0.999361	0.998957	-0.0318557	-0.0327185	
0.326683	-0.0147507	0.865653	-0.0328169	-0.999348	0.0150782	-0.0347234	-0.0139373	-0.9993	0.998858	-0.0333175	-0.0342434	
0.326996	-0.0153954	0.865085	-0.0342334	-0.99929	0.0157599	-0.0362912	-0.0145158	-0.999236	0.998755	-0.0347792	-0.0357685	
0.327307	-0.0160403	0.864517	-0.0356481	-0.999229	0.0164322	-0.0378603	-0.0150805	-0.999169	0.998647	-0.0362407	-0.0372936	
0.327617	-0.0166852	0.863948	-0.0370613	-0.999167	0.017094	-0.0394309	-0.0156303	-0.9991	0.998535	-0.037702	-0.0388188	
0.327925	-0.0173303	0.863379	-0.0384729	-0.999102	0.0177443	-0.0410027	-0.016164	-0.999028	0.998418	-0.0391631	-0.040344	
0.328232	-0.0179754	0.862809	-0.0398831	-0.999035	0.0183818	-0.0425757	-0.0166806	-0.998954	0.998297	-0.040624	-0.0418693	
0.328537	-0.0186206	0.862239	-0.041292	-0.998966	0.0190054	-0.0441497	-0.0171788	-0.998877	0.998171	-0.0420847	-0.0433947	
0.32861	-0.0192633	0.861808	-0.0427079	-0.998895	0.0196009	-0.045302	-0.0176625	-0.998817	0.99806	-0.0435454	-0.0444976	
0.328476	-0.0199034	0.861501	-0.0441308	-0.998822	0.0201702	-0.0460778	-0.0181334	-0.998773	0.997963	-0.0450061	-0.0452233	
0.32834	-0.0205433	0.861194	-0.0455534	-0.998747	0.0207266	-0.0468547	-0.0185891	-0.998729	0.997862	-0.0464666	-0.0459492	
0.328204	-0.0211829	0.860886	-0.0469757	-0.99867	0.0212691	-0.0476325	-0.0190288	-0.998684	0.99776	-0.047927	-0.0466752	
0.328067	-0.0218223	0.860578	-0.0483978	-0.99859	0.0217969	-0.0484111	-0.0194517	-0.998638	0.997654	-0.0493871	-0.0474015	
0.327929	-0.0224614	0.86027	-0.0498198	-0.998509	0.0223092	-0.0491905	-0.0198567	-0.998592	0.997546	-0.050847	-0.0481279	
0.327779	-0.0231005	0.859997	-0.0512441	-0.998426	0.0228041	-0.0499102	-0.0202453	-0.998548	0.997438	-0.0523079	-0.0487942	
0.327565	-0.0237405	0.859927	-0.0526821	-0.99834	0.023277	-0.050292	-0.0206274	-0.998522	0.997344	-0.0537749	-0.0491218	
0.327322	-0.0243808	0.859954	-0.0541275	-0.998252	0.0237333	-0.0505124	-0.0210004	-0.998503	0.997256	-0.0552453	-0.0492874	
0.327062	-0.0250213	0.860028	-0.055577	-0.998162	0.0241755	-0.0506549	-0.021363	-0.998488	0.997169	-0.0567176	-0.0493744	
0.326795	-0.0256618	0.860124	-0.0570292	-0.998069	0.0246044	-0.050759	-0.021714	-0.998475	0.997081	-0.0581911	-0.0494227	
0.326523	-0.0263023	0.860233	-0.0584833	-0.997975	0.0250202	-0.0508436	-0.0220529	-0.998463	0.996993	-0.0596656	-0.0494509	
0.326248	-0.0269427	0.860348	-0.0599391	-0.997878	0.0254228	-0.0509174	-0.022379	-0.998452	0.996903	-0.0611407	-0.049468	
0.325971	-0.0275829	0.860467	-0.0613963	-0.99778	0.0258118	-0.0509847	-0.0226917	-0.998442	0.99681	-0.0626166	-0.0494783	
0.325692	-0.0282231	0.860588	-0.0628549	-0.997679	0.0261868	-0.0510473	-0.0229905	-0.998432	0.996716	-0.0640931	-0.0494838	
0.325412	-0.0288631	0.860712	-0.0643149	-0.997576	0.0265473	-0.0511061	-0.0232749	-0.998422	0.99662	-0.0655701	-0.0494853	
0.32513	-0.0295031	0.860837	-0.0657763	-0.997472	0.0268928	-0.0511614	-0.0235444	-0.998413	0.996522	-0.0670478	-0.0494834	
0.324846	-0.0301429	0.860964	-0.0672392	-0.997365	0.0272227	-0.0512134	-0.0237984	-0.998404	0.996422	-0.0685261	-0.0494783	
0.32456	-0.0307826	0.861093	-0.0687036	-0.997257	0.0275365	-0.0512619	-0.0240364	-0.998396	0.996319	-0.0700049	-0.0494699	
0.324274	-0.0314223	0.861224	-0.0701694	-0.997147	0.0278338	-0.051307	-0.0242579	-0.998388	0.996215	-0.0714844	-0.0494584	
0.323985	-0.0320617	0.861357	-0.0716368	-0.997034	0.0281138	-0.0513485	-0.0244624	-0.998381	0.996108	-0.0729644	-0.0494438	
0.323695	-0.0327011	0.861491	-0.0731057	-0.99692	0.0283762	-0.0513863	-0.0246493	-0.998375	0.995999	-0.0744451	-0.049426	
0.323404	-0.0333404	0.861626	-0.0745763	-0.996805	0.0286202	-0.0514202	-0.0248181	-0.998369	0.995889	-0.0759263	-0.0494051	
0.32311	-0.0339795	0.861764	-0.0760485	-0.996687	0.0288454	-0.0514502	-0.0249682	-0.998363	0.995776	-0.0774081	-0.0493809	
0.322816	-0.0346186	0.861903	-0.0775223	-0.996567	0.0290512	-0.0514761	-0.0250992	-0.998359	0.995661	-0.0788905	-0.0493536	
0.322519	-0.0352575	0.862044	-0.0789979	-0.996446	0.0292371	-0.0514976	-0.0252104	-0.998355	0.995544	-0.0803736	-0.0493231	
0.322221	-0.0358963	0.862187	-0.0804752	-0.996323	0.0294024	-0.0515148	-0.0253013	-0.998352	0.995425	-0.0818572	-0.0492893	
0.321922	-0.036535	0.862331	-0.0819542	-0.996198	0.0295466	-0.0515275	-0.0253713	-0.998349	0.995303	-0.0833414	-0.0492523	
0.321621	-0.0371735	0.862478	-0.0834351	-0.996071	0.029669	-0.0515354	-0.02542	-0.998348	0.99518	-0.0848262	-0.049212	
0.321318	-0.037812	0.862626	-0.0849178	-0.995943	0.0297693	-0.0515384	-0.0254468	-0.998347	0.995054	-0.0863117	-0.0491684	
0.321014	-0.0384503	0.862775	-0.0864024	-0.995813	0.0298467	-0.0515364	-0.025451	-0.998347	0.994926	-0.0877977	-0.0491215	
0.320708	-0.0390885	0.862927	-0.0878888	-0.995681	0.0299006	-0.0515291	-0.0254322	-0.998348	0.994797	-0.0892844	-0.0490714	
0.3204	-0.0397266	0.86308	-0.0893772	-0.995548	0.0299306	-0.0515165	-0.0253898	-0.998349	0.994665	-0.0907716	-0.0490179	
0.320091	-0.0403645	0.863235	-0.0908676	-0.995413	0.029936	-0.0514984	-0.0253233	-0.998352	0.994531	-0.0922595	-0.0489611	
0.31978	-0.0410024	0.863392	-0.09236	-0.995276	0.0299163	-0.0514745	-0.0252321	-0.998356	0.994394	-0.093748	-0.0489009	
0.319468	-0.0416401	0.863551	-0.0938543	-0.995138	0.0298708	-0.0514447	-0.0251156	-0.99836	0.994256	-0.0952371	-0.0488374	
0.319154	-0.0422777	0.863711	-0.0953507	-0.994998	0.029799	-0.0514088	-0.0249733	-0.998365	0.994115	-0.0967268	-0.0487705	
0.318838	-0.0429152	0.863874	-0.0968492	-0.994856	0.0297003	-0.0513667	-0.0248047	-0.998372	0.993973	-0.0982171	-0.0487002	
0.31852	-0.0435525	0.864038	-0.0983498	-0.994712	0.0295742	-0.0513181	-0.0246092	-0.998379	0.993828	-0.0997081	-0.0486265	
0.318201	-0.0441898	0.864204	-0.0998525	-0.994567	0.02942	-0.0512629	-0.0243863	-0.998387	0.993681	-0.1012	-0.0485493	
0.31788	-0.0448269	0.864372	-0.101357	-0.99442	0.0292372	-0.0512008	-0.0241354	-0.998397	0.993532	-0.102692	-0.0484688	
0.317558	-0.0454639	0.864542	-0.102864	-0.994272	0.0290252	-0.0511317	-0.0238559	-0.998407	0.99338	-0.104185	-0.0483848	
0.317234	-0.0461007	0.864713	-0.104374	-0.994122	0.0287834	-0.0510553	-0.0235475	-0.998418	0.993227	-0.105678	-0.0482974	
0.316908	-0.0467375	0.864887	-0.105885	-0.99397	0.0285113	-0.0509715	-0.0232094	-0.99843	0.993071	-0.107172	-0.0482066	
0.31658	-0.0473741	0.865062	-0.107399	-0.993816	0.0282084	-0.05088	-0.0228413	-0.998444	0.992913	-0.108667	-0.0481123	
0.316251	-0.0480105	0.865239	-0.108915	-0.99366	0.0278739	-0.0507807	-0.0224425	-0.998458	0.992753	-0.110162	-0.0480145	
0.31592	-0.0486469	0.865418	-0.110433	-0.993503	0.0275075	-0.0506734	-0.0220125	-0.998473	0.992591	-0.111658	-0.0479132	
0.315587	-0.0492831	0.865599	-0.111953	-0.993344	0.0271085	-0.0505577	-0.0215509	-0.998489	0.992426	-0.113155	-0.0478085	
0.315253	-0.0499192	0.865782	-0.113476	-0.993183	0.0266764	-0.0504336	-0.0210571	-0.998505	0.99226	-0.114652	-0.0477003	
0.314917	-0.0505552	0.865966	-0.115001	-0.993019	0.0262106	-0.0503007	-0.0205306	-0.998523	0.992091	-0.11615	-0.0475885	
0.314579	-0.051191	0.866153	-0.116529	-0.992854	0.0257107	-0.0501589	-0.0199709	-0.998542	0.99192	-0.117648	-0.0474733	
0.314239	-0.0518267	0.866341	-0.118058	-0.992687	0.0251759	-0.050008	-0.0193775	-0.998561	0.991747	-0.119148	-0.0473546	
0.313898	-0.0524623	0.866532	-0.11959	-0.992518	0.0246059	-0.0498476	-0.01875	-0.998581	0.991571	-0.120647	-0.0472324	
0.313555	-0.0530977	0.866724	-0.121125	-0.992347	0.0240001	-0.0496777	-0.0180877	-0.998602	0.991393	-0.122148	-0.0471066	
0.31321	-0.0537331	0.866918	-0.122662	-0.992174	0.0233579	-0.0494979	-0.0173903	-0.998623	0.991213	-0.123649	-0.0469774	
0.312863	-0.0543682	0.867114	-0.124201	-0.991998	0.0226789	-0.049308	-0.0166573	-0.998645	0.991031	-0.125151	-0.0468446	
0.312515	-0.0550033	0.867311	-0.125742	-0.99182	0.0219624	-0.0491078	-0.0158882	-0.998667	0.990847	-0.126653	-0.0467083	
0.312165	-0.0556382	0.867511	-0.127286	-0.991639	0.0212081	-0.0488971	-0.0150826	-0.99869	0.99066	-0.128156	-0.0465685	
0.311813	-0.0562729	0.867713	-0.128832	-0.991456	0.0204154	-0.0486755	-0.0142399	-0.998713	0.990471	-0.12966	-0.0464251	
0.311459	-0.0569076	0.867916	-0.13038	-0.991271	0.0195839	-0.048443	-0.0133598	-0.998737	0.99028	-0.131164	-0.0462783	
0.311104	-0.0575421	0.868121	-0.13193	-0.991082	0.0187129	-0.0481992	-0.0124417	-0.99876	0.990086	-0.132669	-0.0461279	
0.310747	-0.0581764	0.868329	-0.133483	-0.990891	0.0178021	-0.0479438	-0.0114854	-0.998784	0.989891	-0.134174	-0.045974	
0.310388	-0.0588107	0.868538	-0.135038	-0.990697	0.0168509	-0.0476767	-0.0104902	-0.998808	0.989693	-0.135681	-0.0458166	
0.310027	-0.0594447	0.868749	-0.136596	-0.9905	0.0158589	-0.0473976	-0.0094559	-0.998831	0.989492	-0.137188	-0.0456556	
0.309665	-0.0600787	0.868961	-0.138154	-0.990299	0.0148525	-0.0471099	-0.00840867	-0.998854	0.98929	-0.138695	-0.0454912	
0.3093	-0.0607125	0.869176	-0.139712	-0.990095	0.0138448	-0.0468154	-0.00736149	-0.998876	0.989085	-0.140203	-0.0453233	
0.308934	-0.0613461	0.869392	-0.141271	-0.989888	0.0128358	-0.0465142	-0.00631438	-0.998898	0.988878	-0.141712	-0.0451518	
0.308566	-0.0619796	0.869611	-0.14283	-0.989677	0.0118254	-0.0462062	-0.00526736	-0.998918	0.988668	-0.143222	-0.0449769	
0.308196	-0.062613	0.869831	-0.144389	-0.989462	0.0108137	-0.0458914	-0.00422045	-0.998938	0.988456	-0.144732	-0.0447984	
0.307825	-0.0632462	0.870053	-0.145949	-0.989244	0.00980062	-0.0455698	-0.00317367	-0.998956	0.988242	-0.146243	-0.0446165	
0.307451	-0.0638793	0.870277	-0.147508	-0.989022	0.00878619	-0.0452415	-0.00212704	-0.998974	0.988026	-0.147754	-0.0444311	
0.307103	-0.0645112	0.870426	-0.149061	-0.988797	0.00777695	-0.0450366	-0.00106783	-0.998985	0.987802	-0.14926	-0.0443729	
0.306766	-0.0651423	0.870538	-0.15061	-0.98857	0.00676977	-0.0448892	-2.1992e-06	-0.998992	0.987574	-0.150762	-0.0443758	
0.306434	-0.0657731	0.870632	-0.152158	-0.988339	0.00576315	-0.044768	0.00106688	-0.998997	0.987342	-0.152263	-0.0444083	
0.306104	-0.0664035	0.870718	-0.153705	-0.988105	0.00475636	-0.044658	0.002138	-0.999	0.987107	-0.153764	-0.0444554	
0.305774	-0.0670336	0.870799	-0.155253	-0.987868	0.00374908	-0.0445523	0.00321048	-0.999002	0.98687	-0.155265	-0.0445102	
0.305445	-0.0676635	0.870877	-0.1568	-0.987627	0.00274112	-0.0444475	0.00428398	-0.999003	0.98663	-0.156765	-0.0445693	
0.305115	-0.0682931	0.870954	-0.158347	-0.987382	0.00173243	-0.0443421	0.00535835	-0.999002	0.986387	-0.158266	-0.0446311	
0.304784	-0.0689226	0.871029	-0.159894	-0.987134	0.000722959	-0.0442354	0.00643351	-0.999	0.986143	-0.159766	-0.0446949	
0.304453	-0.0695517	0.871103	-0.161441	-0.986882	-0.000283004	-0.0441276	0.00750519	-0.998998	0.985895	-0.161267	-0.0447604	
0.304122	-0.0701807	0.871176	-0.162987	-0.986627	-0.00126079	-0.0440227	0.00854898	-0.998994	0.985646	-0.162768	-0.0448274	
0.303789	-0.0708094	0.871248	-0.164532	-0.986369	-0.00221063	-0.0439207	0.00956514	-0.998989	0.985393	-0.164269	-0.0448958	
0.303456	-0.0714379	0.871319	-0.166076	-0.986108	-0.00313278	-0.0438216	0.0105539	-0.998984	0.985139	-0.16577	-0.0449656	
0.303123	-0.0720661	0.871389	-0.167618	-0.985844	-0.00402747	-0.0437255	0.0115156	-0.998977	0.984882	-0.167271	-0.0450367	
0.302788	-0.0726941	0.871458	-0.16916	-0.985576	-0.00489495	-0.0436325	0.0124504	-0.99897	0.984622	-0.168772	-0.0451093	
0.302453	-0.0733219	0.871526	-0.1707	-0.985306	-0.00573547	-0.0435427	0.0133585	-0.998962	0.98436	-0.170273	-0.0451832	
0.302118	-0.0739494	0.871594	-0.172239	-0.985033	-0.00654926	-0.0434562	0.0142404	-0.998954	0.984096	-0.171774	-0.0452586	
0.301782	-0.0745767	0.87166	-0.173777	-0.984758	-0.0073366	-0.043373	0.0150962	-0.998945	0.983829	-0.173276	-0.0453353	
0.301445	-0.0752038	0.871725	-0.175314	-0.984479	-0.00809772	-0.0432932	0.0159262	-0.998935	0.98356	-0.174777	-0.0454133	
0.301107	-0.0758305	0.871789	-0.17685	-0.984198	-0.0088329	-0.0432169	0.0167307	-0.998926	0.983289	-0.176278	-0.0454928	
0.300769	-0.0764571	0.871852	-0.178385	-0.983914	-0.00954237	-0.0431441	0.0175099	-0.998915	0.983014	-0.17778	-0.0455736	
0.30043	-0.0770834	0.871914	-0.179919	-0.983628	-0.0102264	-0.043075	0.0182642	-0.998905	0.982738	-0.179281	-0.0456559	
0.30009	-0.0777094	0.871976	-0.181452	-0.98334	-0.0108853	-0.0430096	0.0189939	-0.998894	0.982459	-0.180783	-0.0457395	
0.29975	-0.0783352	0.872036	-0.182983	-0.983049	-0.0115193	-0.042948	0.0196991	-0.998883	0.982177	-0.182284	-0.0458246	
0.299409	-0.0789608	0.872095	-0.184514	-0.982755	-0.0121286	-0.0428902	0.0203802	-0.998872	0.981894	-0.183786	-0.045911	
0.299068	-0.0795861	0.872154	-0.186044	-0.982459	-0.0127136	-0.0428363	0.0210375	-0.998861	0.981607	-0.185287	-0.0459988	
0.298725	-0.0802111	0.872211	-0.187573	-0.982161	-0.0132744	-0.0427864	0.0216713	-0.998849	0.981318	-0.186789	-0.0460881	
0.298383	-0.0808359	0.872267	-0.1891	-0.981861	-0.0138115	-0.0427405	0.0222819	-0.998838	0.981027	-0.18829	-0.0461787	
0.298039	-0.0814604	0.872323	-0.190627	-0.981558	-0.014325	-0.0426987	0.0228695	-0.998826	0.980733	-0.189792	-0.0462708	
0.297695	-0.0820846	0.872377	-0.192153	-0.981253	-0.0148153	-0.042661	0.0234345	-0.998815	0.980437	-0.191293	-0.0463643	
0.29735	-0.0827086	0.87243	-0.193678	-0.980946	-0.0152825	-0.0426276	0.0239771	-0.998803	0.980139	-0.192794	-0.0464592	
0.297005	-0.0833324	0.872483	-0.195202	-0.980637	-0.0157271	-0.0425983	0.0244977	-0.998792	0.979838	-0.194296	-0.0465555	
0.296659	-0.0839558	0.872534	-0.196724	-0.980326	-0.0161493	-0.0425734	0.0249966	-0.998781	0.979534	-0.195797	-0.0466532	
0.296312	-0.084579	0.872585	-0.198246	-0.980012	-0.0165493	-0.0425528	0.025474	-0.998769	0.979228	-0.197298	-0.0467524	
0.295965	-0.0852019	0.872634	-0.199767	-0.979697	-0.0169275	-0.0425366	0.0259303	-0.998758	0.97892	-0.198799	-0.046853	
0.295617	-0.0858246	0.872682	-0.201288	-0.97938	-0.0172841	-0.0425248	0.0263658	-0.998747	0.978609	-0.2003	-0.046955	
0.295268	-0.086447	0.87273	-0.202807	-0.97906	-0.0176195	-0.0425175	0.0267808	-0.998737	0.978295	-0.201801	-0.0470585	
0.294919	-0.0870691	0.872776	-0.204325	-0.978739	-0.0179339	-0.0425147	0.0271756	-0.998726	0.977979	-0.203302	-0.0471634	
0.294569	-0.0876909	0.872822	-0.205843	-0.978415	-0.0182276	-0.0425164	0.0275505	-0.998716	0.977661	-0.204803	-0.0472698	
0.294219	-0.0883124	0.872866	-0.207359	-0.97809	-0.0185009	-0.0425227	0.0279059	-0.998706	0.97734	-0.206304	-0.0473776	
0.293867	-0.0889337	0.872909	-0.208875	-0.977763	-0.0187542	-0.0425336	0.028242	-0.998696	0.977017	-0.207805	-0.0474868	
0.293516	-0.0895547	0.872952	-0.210389	-0.977433	-0.0189876	-0.0425492	0.0285591	-0.998686	0.976691	-0.209305	-0.0475975	
0.293163	-0.0901754	0.872993	-0.211903	-0.977102	-0.0192016	-0.0425694	0.0288576	-0.998677	0.976363	-0.210805	-0.0477097	
0.29281	-0.0907958	0.873034	-0.213416	-0.976769	-0.0193964	-0.0425944	0.0291378	-0.998667	0.976032	-0.212306	-0.0478233	
0.292457	-0.091416	0.873073	-0.214928	-0.976434	-0.0195723	-0.042624	0.0294	-0.998659	0.975699	-0.213806	-0.0479384	
0.292103	-0.0920358	0.873111	-0.21644	-0.976097	-0.0197295	-0.0426584	0.0296445	-0.99865	0.975364	-0.215306	-0.0480549	
0.291748	-0.0926554	0.873149	-0.21795	-0.975758	-0.0198685	-0.0426975	0.0298716	-0.998641	0.975025	-0.216806	-0.0481729	
0.291392	-0.0932747	0.873185	-0.21946	-0.975417	-0.0199895	-0.0427414	0.0300817	-0.998633	0.974685	-0.218305	-0.0482924	
0.291036	-0.0938937	0.87322	-0.220968	-0.975074	-0.0200928	-0.0427901	0.0302751	-0.998625	0.974342	-0.219805	-0.0484134	
0.290679	-0.0945124	0.873255	-0.222476	-0.974729	-0.0201788	-0.0428436	0.0304521	-0.998618	0.973996	-0.221304	-0.0485358	
0.290322	-0.0951307	0.873288	-0.223983	-0.974383	-0.0202476	-0.042902	0.030613	-0.99861	0.973648	-0.222803	-0.0486597	
0.289964	-0.0957488	0.87332	-0.225489	-0.974034	-0.0202997	-0.0429651	0.0307582	-0.998603	0.973298	-0.224302	-0.0487851	
0.289606	-0.0963666	0.873351	-0.226995	-0.973684	-0.0203353	-0.0430331	0.0308879	-0.998596	0.972945	-0.225801	-0.048912	
0.289247	-0.0969841	0.873381	-0.228499	-0.973331	-0.0203547	-0.043106	0.0310025	-0.998589	0.972589	-0.227299	-0.0490404	
0.288887	-0.0976013	0.873411	-0.230003	-0.972977	-0.0203583	-0.0431836	0.0311022	-0.998583	0.972231	-0.228798	-0.0491703	
0.288526	-0.0982182	0.873439	-0.231506	-0.972621	-0.0203463	-0.0432662	0.0311876	-0.998577	0.971871	-0.230296	-0.0493017	
0.288165	-0.0988348	0.873466	-0.233008	-0.972263	-0.020319	-0.0433535	0.0312587	-0.998571	0.971508	-0.231794	-0.0494345	
0.287804	-0.0994511	0.873492	-0.234509	-0.971902	-0.0202768	-0.0434457	0.031316	-0.998565	0.971143	-0.233291	-0.0495689	
0.287442	-0.100067	0.873517	-0.236009	-0.97154	-0.0202199	-0.0435428	0.0313598	-0.998559	0.970775	-0.234789	-0.0497048	
0.287079	-0.100683	0.873541	-0.237509	-0.971176	-0.0201487	-0.0436447	0.0313904	-0.998554	0.970404	-0.236286	-0.0498422	
0.286716	-0.101298	0.873564	-0.239008	-0.97081	-0.0200635	-0.0437514	0.0314081	-0.998549	0.970032	-0.237783	-0.0499811	
0.286352	-0.101913	0.873586	-0.240506	-0.970442	-0.0199645	-0.0438629	0.0314132	-0.998544	0.969656	-0.23928	-0.0501215	
0.285987	-0.102528	0.873607	-0.242003	-0.970072	-0.0198521	-0.0439793	0.0314061	-0.998539	0.969278	-0.240776	-0.0502634	
0.285622	-0.103142	0.873627	-0.243499	-0.969701	-0.0197265	-0.0441004	0.031387	-0.998534	0.968898	-0.242272	-0.0504069	
0.285256	-0.103756	0.873646	-0.244995	-0.969327	-0.0195881	-0.0442263	0.0313564	-0.998529	0.968515	-0.243768	-0.0505519	
0.28489	-0.10437	0.873664	-0.246489	-0.968951	-0.0194372	-0.044357	0.0313144	-0.998525	0.96813	-0.245263	-0.0506984	
0.284523	-0.104984	0.87368	-0.247983	-0.968573	-0.0192741	-0.0444924	0.0312614	-0.99852	0.967742	-0.246759	-0.0508464	
0.284156	-0.105597	0.873696	-0.249476	-0.968193	-0.019099	-0.0446326	0.0311977	-0.998516	0.967352	-0.248254	-0.050996	
0.283788	-0.10621	0.873711	-0.250969	-0.96781	-0.0189122	-0.0447775	0.0311237	-0.998512	0.966959	-0.249748	-0.0511472	
0.283419	-0.106822	0.873725	-0.25246	-0.967426	-0.0187141	-0.044927	0.0310395	-0.998508	0.966564	-0.251243	-0.0512998	
0.28305	-0.107434	0.873737	-0.253951	-0.96704	-0.018505	-0.0450812	0.0309457	-0.998504	0.966166	-0.252737	-0.051454	
0.28268	-0.108046	0.873749	-0.255441	-0.966652	-0.0182851	-0.0452401	0.0308423	-0.9985	0.965766	-0.25423	-0.0516098	
0.28231	-0.108658	0.873759	-0.25693	-0.966261	-0.0180547	-0.0454035	0.0307298	-0.998496	0.965363	-0.255723	-0.0517671	
0.281939	-0.109269	0.873769	-0.258418	-0.965869	-0.0178141	-0.0455716	0.0306085	-0.998492	0.964958	-0.257216	-0.051926	
0.281567	-0.10988	0.873777	-0.259905	-0.965474	-0.0175636	-0.0457442	0.0304785	-0.998488	0.96455	-0.258709	-0.0520864	
0.281195	-0.11049	0.873784	-0.261392	-0.965078	-0.0173036	-0.0459213	0.0303404	-0.998484	0.96414	-0.260201	-0.0522484	
0.280823	-0.1111	0.873791	-0.262878	-0.964679	-0.0170342	-0.0461029	0.0301942	-0.99848	0.963727	-0.261693	-0.0524119	
0.280449	-0.11171	0.873796	-0.264363	-0.964278	-0.0167557	-0.046289	0.0300404	-0.998476	0.963312	-0.263184	-0.052577	
0.280076	-0.11232	0.8738	-0.265847	-0.963875	-0.0164685	-0.0464795	0.0298792	-0.998472	0.962894	-0.264675	-0.0527437	
0.279701	-0.112929	0.873803	-0.26733	-0.963469	-0.0161728	-0.0466744	0.0297109	-0.998468	0.962474	-0.266166	-0.052912	
0.279326	-0.113538	0.873805	-0.268813	-0.963062	-0.0158689	-0.0468736	0.0295358	-0.998464	0.962051	-0.267656	-0.0530818	
0.278951	-0.114146	0.873806	-0.270295	-0.962652	-0.015557	-0.0470772	0.0293541	-0.99846	0.961626	-0.269146	-0.0532532	
0.278575	-0.114754	0.873806	-0.271776	-0.96224	-0.0152375	-0.047285	0.0291662	-0.998456	0.961198	-0.270636	-0.0534262	
0.278198	-0.115362	0.873805	-0.273256	-0.961826	-0.0149105	-0.0474971	0.0289723	-0.998451	0.960768	-0.272125	-0.0536008	
0.277821	-0.115969	0.873803	-0.274735	-0.961409	-0.0145765	-0.0477133	0.0287727	-0.998447	0.960335	-0.273613	-0.0537769	
0.277443	-0.116576	0.873799	-0.276214	-0.960991	-0.0142355	-0.0479337	0.0285677	-0.998442	0.9599	-0.275101	-0.0539547	
0.277065	-0.117183	0.873795	-0.277692	-0.96057	-0.0138879	-0.0481583	0.0283575	-0.998437	0.959462	-0.276589	-0.054134	
0.276686	-0.117789	0.87379	-0.279169	-0.960147	-0.0135339	-0.0483869	0.0281424	-0.998432	0.959022	-0.278076	-0.054315	
0.276307	-0.118395	0.873783	-0.280645	-0.959721	-0.0131738	-0.0486195	0.0279226	-0.998427	0.958579	-0.279563	-0.0544975	
0.275927	-0.119001	0.873776	-0.28212	-0.959294	-0.0128079	-0.0488561	0.0276985	-0.998422	0.958134	-0.281049	-0.0546817	
0.275547	-0.119606	0.873767	-0.283595	-0.958864	-0.0124363	-0.0490967	0.0274702	-0.998416	0.957687	-0.282535	-0.0548674	
0.275166	-0.120211	0.873757	-0.285068	-0.958431	-0.0120594	-0.0493411	0.027238	-0.998411	0.957236	-0.28402	-0.0550548	
0.274784	-0.120816	0.873746	-0.286541	-0.957997	-0.0116773	-0.0495894	0.0270022	-0.998405	0.956784	-0.285505	-0.0552438	
0.274402	-0.12142	0.873735	-0.288013	-0.95756	-0.0112903	-0.0498415	0.026763	-0.998398	0.956328	-0.286989	-0.0554344	
0.274019	-0.122024	0.873722	-0.289485	-0.957121	-0.0108986	-0.0500974	0.0265207	-0.998392	0.955871	-0.288473	-0.0556266	
0.273636	-0.122627	0.873708	-0.290955	-0.956679	-0.0105024	-0.050357	0.0262754	-0.998386	0.955411	-0.289956	-0.0558204	
0.273253	-0.12323	0.873692	-0.292425	-0.956235	-0.0101021	-0.0506202	0.0260274	-0.998379	0.954948	-0.291439	-0.0560158	
0.272868	-0.123833	0.873676	-0.293893	-0.955789	-0.00969769	-0.050887	0.0257769	-0.998372	0.954483	-0.292921	-0.0562129	
0.272484	-0.124435	0.873659	-0.295361	-0.95534	-0.00928952	-0.0511574	0.0255241	-0.998364	0.954015	-0.294403	-0.0564116	
0.272098	-0.125037	0.87364	-0.296828	-0.95489	-0.00887777	-0.0514314	0.0252694	-0.998357	0.953545	-0.295884	-0.056612	
0.271713	-0.125639	0.873621	-0.298295	-0.954436	-0.00846264	-0.0517088	0.0250128	-0.998349	0.953072	-0.297365	-0.0568139	
0.271208	-0.126248	0.873904	-0.299806	-0.953966	-0.00810055	-0.051476	0.0246551	-0.99837	0.95261	-0.2989	-0.0564981	
0.270675	-0.126858	0.874256	-0.301328	-0.953489	-0.00774537	-0.051131	0.0242689	-0.998397	0.952149	-0.300449	-0.0560657	
0.270141	-0.127468	0.874607	-0.30285	-0.95301	-0.00738477	-0.0507894	0.0238766	-0.998424	0.951684	-0.301997	-0.0556338	
0.269606	-0.128078	0.874957	-0.304372	-0.952527	-0.00701993	-0.050451	0.0234795	-0.998451	0.951216	-0.303546	-0.0552025	
0.269069	-0.128687	0.875307	-0.305894	-0.952042	-0.00665186	-0.0501155	0.0230786	-0.998477	0.950746	-0.305095	-0.0547716	
0.268531	-0.129296	0.875656	-0.307417	-0.951554	-0.0062814	-0.0497826	0.0226745	-0.998503	0.950272	-0.306644	-0.0543414	
0.267992	-0.129905	0.876004	-0.30894	-0.951063	-0.00590921	-0.0494522	0.022268	-0.998528	0.949795	-0.308193	-0.0539116	
0.267454	-0.13051	0.876388	-0.310435	-0.950579	-0.00553742	-0.0488706	0.0217768	-0.998568	0.949338	-0.309719	-0.0532156	
0.266921	-0.131109	0.876836	-0.311877	-0.950108	-0.00516739	-0.0478361	0.0211337	-0.998632	0.948918	-0.311203	-0.0520406	
0.266402	-0.131665	0.877315	-0.313026	-0.94973	-0.0053417	-0.046417	0.020916	-0.998703	0.94861	-0.312372	-0.0506309	
0.266199	-0.13109	0.877897	-0.311955	-0.950082	-0.00533883	-0.0449253	0.0203635	-0.998783	0.949034	-0.311335	-0.0490352	
0.266003	-0.130488	0.878476	-0.310702	-0.95049	-0.00570512	-0.0433433	0.0201637	-0.998857	0.949519	-0.310099	-0.0474622	
0.265814	-0.129861	0.879051	-0.309282	-0.950949	-0.00640392	-0.0416809	0.0202831	-0.998925	0.950056	-0.308683	-0.0459096	
0.265623	-0.129234	0.879626	-0.307861	-0.951405	-0.00710083	-0.0400193	0.0204057	-0.998991	0.950589	-0.307266	-0.0443567	
0.265476	-0.128611	0.880178	-0.306437	-0.951859	-0.0077774	-0.0384386	0.0205377	-0.99905	0.951115	-0.305847	-0.0428816	
0.265373	-0.12799	0.880699	-0.305009	-0.952312	-0.00843321	-0.0369506	0.0206822	-0.999103	0.951632	-0.304424	-0.0414968	
0.2653	-0.127371	0.881187	-0.303577	-0.952764	-0.00907413	-0.0355402	0.02084	-0.999151	0.952144	-0.302996	-0.0401879	
0.26523	-0.126751	0.881674	-0.302142	-0.953214	-0.00971206	-0.0341352	0.0210005	-0.999197	0.952652	-0.301568	-0.0388832	
0.265156	-0.126132	0.882164	-0.300705	-0.953661	-0.0103487	-0.032726	0.0211624	-0.99924	0.953155	-0.300138	-0.0375732	
0.26508	-0.125512	0.882657	-0.299267	-0.954106	-0.0109845	-0.0313109	0.0213257	-0.999282	0.953656	-0.298708	-0.036256	
0.264998	-0.124891	0.883153	-0.297827	-0.954549	-0.0116198	-0.0298891	0.0214904	-0.999322	0.954152	-0.297277	-0.034931	
0.264911	-0.124271	0.883652	-0.296384	-0.95499	-0.0122547	-0.0284598	0.0216566	-0.99936	0.954645	-0.295846	-0.0335975	
0.264818	-0.123649	0.884153	-0.294939	-0.955429	-0.0128895	-0.0270224	0.0218244	-0.999397	0.955134	-0.294413	-0.0322549	
0.264716	-0.123027	0.884655	-0.293491	-0.955866	-0.0135243	-0.0255763	0.0219937	-0.999431	0.95562	-0.292978	-0.0309025	
0.264606	-0.122404	0.885159	-0.292041	-0.956301	-0.0141594	-0.0241209	0.0221647	-0.999463	0.956102	-0.291543	-0.0295398	
0.264487	-0.12178	0.885664	-0.290587	-0.956734	-0.014795	-0.0226554	0.0223373	-0.999494	0.95658	-0.290105	-0.0281661	
0.264357	-0.121155	0.886169	-0.289131	-0.957165	-0.015431	-0.0211793	0.0225115	-0.999522	0.957055	-0.288666	-0.0267809	
0.264215	-0.120528	0.886675	-0.287671	-0.957595	-0.0160678	-0.019692	0.0226874	-0.999549	0.957527	-0.287224	-0.0253834	
0.26406	-0.1199	0.88718	-0.286207	-0.958022	-0.0167054	-0.0181927	0.022865	-0.999573	0.957995	-0.285781	-0.0239731	
0.263892	-0.119271	0.887685	-0.28474	-0.958448	-0.0173439	-0.016681	0.0230442	-0.999595	0.95846	-0.284335	-0.0225494	
0.263709	-0.11864	0.888189	-0.283268	-0.958872	-0.0179834	-0.0151561	0.0232249	-0.999615	0.958921	-0.282887	-0.0211116	
0.263523	-0.118009	0.888685	-0.281793	-0.959295	-0.0186192	-0.0136396	0.0234088	-0.999633	0.959378	-0.281436	-0.0196808	
0.263338	-0.117377	0.889175	-0.280315	-0.959715	-0.0192496	-0.0121348	0.0235949	-0.999648	0.959831	-0.279983	-0.01826	
0.263152	-0.116746	0.889663	-0.278835	-0.960133	-0.019875	-0.0106347	0.0237817	-0.999661	0.96028	-0.278529	-0.0168419	
0.262964	-0.116114	0.890151	-0.277352	-0.96055	-0.0204953	-0.00913619	0.0239681	-0.999671	0.960725	-0.277073	-0.0154234	
0.262775	-0.115482	0.890639	-0.275867	-0.960964	-0.0211105	-0.00763811	0.0241536	-0.999679	0.961165	-0.275617	-0.0140031	
0.262585	-0.11485	0.891128	-0.274381	-0.961376	-0.0217201	-0.00613999	0.024338	-0.999685	0.961602	-0.274161	-0.0125807	
0.262392	-0.114217	0.891618	-0.272892	-0.961786	-0.0223239	-0.00464173	0.0245206	-0.999689	0.962033	-0.272703	-0.0111558	
0.262197	-0.113585	0.892109	-0.271401	-0.962193	-0.0229215	-0.00314334	0.0247014	-0.99969	0.962461	-0.271245	-0.00972848	
0.262	-0.112953	0.892602	-0.269909	-0.962599	-0.0235125	-0.00164491	0.0248797	-0.999689	0.962884	-0.269786	-0.00829865	
0.261801	-0.112321	0.893095	-0.268414	-0.963002	-0.0240967	-0.000146554	0.0250554	-0.999686	0.963304	-0.268327	-0.00686637	
0.2616	-0.111688	0.893589	-0.266918	-0.963403	-0.0246734	0.0013516	0.0252281	-0.999681	0.963718	-0.266866	-0.00543169	
0.261397	-0.111056	0.894084	-0.26542	-0.963802	-0.0252424	0.00284941	0.0253972	-0.999673	0.964129	-0.265405	-0.00399466	
0.261192	-0.110423	0.89458	-0.26392	-0.964199	-0.0258032	0.00434674	0.0255625	-0.999664	0.964535	-0.263943	-0.00255533	
0.260985	-0.109791	0.895077	-0.262418	-0.964594	-0.0263553	0.00584345	0.0257235	-0.999652	0.964937	-0.262481	-0.00111375	
0.260777	-0.109158	0.895574	-0.260914	-0.964987	-0.0268983	0.0073394	0.0258798	-0.999638	0.965334	-0.261017	0.000330019	
0.260566	-0.108525	0.896073	-0.259409	-0.965378	-0.0274317	0.00883444	0.0260309	-0.999622	0.965727	-0.259553	0.00177593	
0.260353	-0.107892	0.896572	-0.257902	-0.965767	-0.027955	0.0103284	0.0261763	-0.999604	0.966116	-0.258089	0.00322393	
0.260139	-0.10726	0.897072	-0.256393	-0.966153	-0.0284677	0.0118212	0.0263156	-0.999584	0.9665	-0.256623	0.00467397	
0.259922	-0.106627	0.897573	-0.254883	-0.966538	-0.0289692	0.0133127	0.0264483	-0.999562	0.96688	-0.255157	0.00612598	
0.259704	-0.105994	0.898074	-0.253371	-0.96692	-0.029459	0.0148026	0.0265739	-0.999537	0.967256	-0.25369	0.00757993	
0.259484	-0.105361	0.898576	-0.251858	-0.967301	-0.0299366	0.016291	0.0266917	-0.999511	0.967627	-0.252222	0.00903575	
0.259261	-0.104728	0.899079	-0.250343	-0.96768	-0.0304014	0.0177775	0.0268014	-0.999483	0.967994	-0.250754	0.0104934	
0.259037	-0.104095	0.899582	-0.248827	-0.968056	-0.0308528	0.0192621	0.0269023	-0.999452	0.968356	-0.249285	0.0119528	
0.258811	-0.103462	0.900086	-0.247309	-0.968431	-0.0312902	0.0207446	0.0269939	-0.99942	0.968715	-0.247815	0.0134139	
0.258584	-0.102828	0.90059	-0.24579	-0.968804	-0.031713	0.022225	0.0270755	-0.999386	0.969068	-0.246344	0.0148767	
0.258354	-0.102195	0.901095	-0.24427	-0.969175	-0.0321205	0.0237029	0.0271466	-0.99935	0.969417	-0.244873	0.0163412	
0.258122	-0.101562	0.9016	-0.242749	-0.969544	-0.0325122	0.0251783	0.0272065	-0.999313	0.969762	-0.243401	0.0178071	
0.257889	-0.100929	0.902106	-0.241227	-0.969911	-0.0328874	0.0266511	0.0272546	-0.999273	0.970103	-0.241928	0.0192746	
0.257654	-0.100295	0.902613	-0.239704	-0.970277	-0.0332454	0.028121	0.0272903	-0.999232	0.970439	-0.240455	0.0207436	
0.257417	-0.0996618	0.903119	-0.23818	-0.97064	-0.0335856	0.029588	0.0273129	-0.999189	0.97077	-0.238981	0.0222139	
0.257178	-0.0990283	0.903626	-0.236656	-0.971002	-0.0339071	0.031052	0.0273218	-0.999144	0.971097	-0.237506	0.0236857	
0.256938	-0.0983949	0.904134	-0.23513	-0.971362	-0.0342095	0.0325127	0.0273162	-0.999098	0.97142	-0.23603	0.0251587	
0.256695	-0.0977613	0.904641	-0.233604	-0.97172	-0.0344918	0.03397	0.0272954	-0.99905	0.971738	-0.234554	0.026633	
0.256451	-0.0971278	0.905149	-0.232078	-0.972076	-0.0347534	0.0354238	0.0272587	-0.999001	0.972052	-0.233077	0.0281085	
0.256205	-0.0964942	0.905658	-0.230551	-0.972431	-0.0349936	0.036874	0.0272055	-0.99895	0.972361	-0.231599	0.0295852	
0.255957	-0.0958606	0.906166	-0.229024	-0.972784	-0.0352115	0.0383204	0.0271349	-0.998897	0.972666	-0.230121	0.031063	
0.255708	-0.0952269	0.906675	-0.227497	-0.973135	-0.0354065	0.039763	0.0270461	-0.998843	0.972967	-0.228642	0.0325418	
0.255456	-0.0945933	0.907184	-0.22597	-0.973484	-0.0355777	0.0412015	0.0269385	-0.998788	0.973263	-0.227162	0.0340217	
0.255204	-0.0939596	0.907693	-0.224443	-0.973832	-0.0357243	0.0426358	0.0268113	-0.998731	0.973554	-0.225682	0.0355025	
0.254949	-0.0933259	0.908202	-0.222917	-0.974178	-0.0358456	0.0440659	0.0266635	-0.998673	0.973841	-0.2242	0.0369843	
0.254692	-0.0926921	0.908711	-0.221391	-0.974523	-0.0359408	0.0454916	0.0264945	-0.998613	0.974124	-0.222719	0.0384669	
0.254434	-0.0920584	0.909221	-0.219865	-0.974865	-0.0360089	0.0469128	0.0263035	-0.998553	0.974402	-0.221236	0.0399504	
0.254174	-0.0914246	0.90973	-0.21834	-0.975207	-0.0360493	0.0483293	0.0260895	-0.998491	0.974675	-0.219753	0.0414347	
0.253913	-0.0907908	0.91024	-0.216816	-0.975546	-0.036061	0.0497411	0.0258518	-0.998428	0.974944	-0.218269	0.0429197	
0.25365	-0.090157	0.910749	-0.215293	-0.975884	-0.0360432	0.0511481	0.0255894	-0.998363	0.975209	-0.216785	0.0444054	
0.253385	-0.0895232	0.911259	-0.213772	-0.97622	-0.035995	0.0525502	0.0253016	-0.998298	0.975469	-0.215299	0.0458918	
0.253118	-0.0888894	0.911768	-0.212251	-0.976555	-0.0359155	0.0539471	0.0249875	-0.998231	0.975725	-0.213814	0.0473787	
0.25285	-0.0882555	0.912278	-0.210733	-0.976888	-0.035804	0.055339	0.0246461	-0.998163	0.975976	-0.212327	0.0488662	
0.25258	-0.0876217	0.912787	-0.209216	-0.977219	-0.0356594	0.0567256	0.0242766	-0.998095	0.976223	-0.21084	0.0503543	
0.252309	-0.0869879	0.913296	-0.207701	-0.977549	-0.0354809	0.0581069	0.0238781	-0.998025	0.976465	-0.209352	0.0518428	
0.252036	-0.086354	0.913805	-0.206188	-0.977877	-0.0352676	0.0594828	0.0234496	-0.997954	0.976703	-0.207864	0.0533318	
0.251761	-0.0857202	0.914314	-0.204677	-0.978203	-0.0350186	0.0608532	0.0229903	-0.997882	0.976936	-0.206375	0.0548212	
0.251485	-0.0850864	0.914823	-0.203169	-0.978527	-0.0347329	0.062218	0.0224992	-0.997809	0.977165	-0.204885	0.0563109	
0.251207	-0.0844525	0.915332	-0.201664	-0.97885	-0.0344097	0.0635772	0.0219753	-0.997735	0.977389	-0.203395	0.057801	
0.250927	-0.0838187	0.91584	-0.200162	-0.979171	-0.034048	0.0649307	0.0214178	-0.99766	0.977609	-0.201904	0.0592913	
0.250646	-0.0831849	0.916348	-0.198662	-0.97949	-0.0336469	0.0662785	0.0208257	-0.997584	0.977824	-0.200412	0.0607818	
0.250363	-0.0825511	0.916856	-0.197167	-0.979808	-0.0332053	0.0676204	0.0201979	-0.997507	0.978035	-0.19892	0.0622726	
0.250079	-0.0819173	0.917364	-0.195674	-0.980123	-0.0327225	0.0689564	0.0195336	-0.997428	0.978242	-0.197428	0.0637635	
0.249793	-0.0812836	0.917871	-0.194186	-0.980436	-0.0321974	0.0702865	0.0188318	-0.997349	0.978443	-0.195934	0.0652545	
0.249506	-0.0806498	0.918378	-0.192702	-0.980747	-0.031629	0.0716106	0.0180914	-0.997269	0.978641	-0.194441	0.0667457	
0.249217	-0.0800161	0.918885	-0.191222	-0.981057	-0.0310165	0.0729287	0.0173116	-0.997187	0.978834	-0.192946	0.0682368	
0.248926	-0.0793824	0.919391	-0.189747	-0.981364	-0.0303587	0.0742408	0.0164912	-0.997104	0.979022	-0.191451	0.069728	
0.248634	-0.0787488	0.919897	-0.188276	-0.981668	-0.0296549	0.0755467	0.0156294	-0.99702	0.979206	-0.189956	0.0712192	
0.248341	-0.0781151	0.920403	-0.186811	-0.981971	-0.028904	0.0768466	0.014725	-0.996934	0.979386	-0.188459	0.0727103	
0.248046	-0.0774815	0.920908	-0.185351	-0.98227	-0.0281049	0.0781403	0.0137772	-0.996847	0.979561	-0.186963	0.0742013	
0.247749	-0.076848	0.921413	-0.183897	-0.982568	-0.0272569	0.0794279	0.0127849	-0.996759	0.979731	-0.185465	0.0756922	
0.247451	-0.0762144	0.921917	-0.182448	-0.982862	-0.0263588	0.0807093	0.011747	-0.996668	0.979897	-0.183968	0.0771829	
0.247151	-0.0755809	0.922421	-0.181006	-0.983154	-0.0254096	0.0819845	0.0106626	-0.996577	0.980059	-0.182469	0.0786734	
0.24685	-0.0749475	0.922925	-0.179568	-0.983442	-0.0244289	0.0832573	0.00955074	-0.996482	0.980216	-0.180971	0.0801637	
0.246692	-0.0743125	0.92314	-0.178111	-0.983731	-0.0234515	0.0840296	0.00854003	-0.996427	0.980416	-0.179445	0.0811415	
0.246603	-0.0736769	0.923216	-0.176641	-0.984018	-0.022502	0.084565	0.00760466	-0.996389	0.980636	-0.177906	0.0818702	
0.246547	-0.0730411	0.923224	-0.175165	-0.984302	-0.0215826	0.0849895	0.0067223	-0.996359	0.980864	-0.176362	0.0824779	
0.246506	-0.0724053	0.923199	-0.173685	-0.984584	-0.0206937	0.0853641	0.00588201	-0.996332	0.981094	-0.174815	0.0830265	
0.246473	-0.0717695	0.923157	-0.172203	-0.984862	-0.0198356	0.0857181	0.00507837	-0.996306	0.981325	-0.173267	0.083546	
0.246443	-0.0711338	0.923106	-0.170718	-0.985137	-0.0190082	0.0860655	0.00430861	-0.99628	0.981554	-0.171719	0.0840507	
0.246415	-0.0704982	0.923052	-0.169231	-0.985408	-0.0182111	0.086413	0.00357119	-0.996253	0.981781	-0.170171	0.0845477	
0.246386	-0.0698627	0.922994	-0.167743	-0.985676	-0.017444	0.0867635	0.0028652	-0.996225	0.982005	-0.168623	0.0850401	
0.246358	-0.0692274	0.922935	-0.166253	-0.985942	-0.0167065	0.0871184	0.00219002	-0.996196	0.982227	-0.167076	0.0855296	
0.246329	-0.0685923	0.922875	-0.164761	-0.986204	-0.0159982	0.0874784	0.00154514	-0.996165	0.982447	-0.165529	0.086017	
0.2463	-0.0679573	0.922813	-0.163268	-0.986463	-0.0153188	0.0878435	0.000930132	-0.996134	0.982663	-0.163982	0.0865025	
0.24627	-0.0673224	0.922751	-0.161773	-0.986719	-0.0146678	0.0882137	0.000344595	-0.996102	0.982877	-0.162437	0.0869864	
0.24624	-0.0666877	0.922687	-0.160277	-0.986972	-0.0140449	0.0885889	-0.000211861	-0.996068	0.983089	-0.160891	0.0874688	
0.246209	-0.0660531	0.922622	-0.15878	-0.987222	-0.0134496	0.088969	-0.00073962	-0.996034	0.983297	-0.159346	0.0879496	
0.246177	-0.0654187	0.922557	-0.15728	-0.98747	-0.0128816	0.0893536	-0.00123907	-0.995999	0.983503	-0.157802	0.0884289	
0.246145	-0.0647844	0.92249	-0.15578	-0.987715	-0.0123403	0.0897427	-0.00171058	-0.995964	0.983707	-0.156258	0.0889067	
0.246113	-0.0641503	0.922423	-0.154278	-0.987957	-0.0118256	0.0901361	-0.00215454	-0.995927	0.983907	-0.154715	0.089383	
0.24608	-0.0635164	0.922355	-0.152774	-0.988196	-0.0113368	0.0905336	-0.00257134	-0.99589	0.984106	-0.153172	0.0898578	
0.246047	-0.0628826	0.922285	-0.151269	-0.988433	-0.0108736	0.0909349	-0.00296135	-0.995852	0.984301	-0.15163	0.090331	
0.246013	-0.062249	0.922215	-0.149762	-0.988667	-0.0104357	0.0913399	-0.00332497	-0.995814	0.984494	-0.150089	0.0908027	
0.245978	-0.0616155	0.922144	-0.148255	-0.988898	-0.0100225	0.0917484	-0.00366258	-0.995775	0.984684	-0.148548	0.0912729	
0.245943	-0.0609822	0.922071	-0.146745	-0.989127	-0.00963381	0.0921603	-0.00397456	-0.995736	0.984872	-0.147007	0.0917415	
0.245908	-0.0603491	0.921998	-0.145234	-0.989354	-0.00926907	0.0925753	-0.0042613	-0.995697	0.985057	-0.145467	0.0922086	
0.245872	-0.0597162	0.921924	-0.143722	-0.989578	-0.00892793	0.0929932	-0.00452319	-0.995656	0.985239	-0.143928	0.0926741	
0.245835	-0.0590834	0.921849	-0.142209	-0.989799	-0.00860997	0.093414	-0.00476062	-0.995616	0.985419	-0.14239	0.0931381	
0.245798	-0.0584508	0.921772	-0.140694	-0.990018	-0.0083148	0.0938373	-0.00497397	-0.995575	0.985596	-0.140851	0.0936005	
0.245761	-0.0578183	0.921695	-0.139178	-0.990235	-0.00804202	0.0942631	-0.00516363	-0.995534	0.985771	-0.139314	0.0940613	
0.245723	-0.0571861	0.921617	-0.13766	-0.990449	-0.00779122	0.0946912	-0.00533	-0.995492	0.985943	-0.137777	0.0945205	
0.245684	-0.056554	0.921538	-0.136141	-0.990661	-0.007562	0.0951214	-0.00547345	-0.995451	0.986112	-0.136241	0.0949782	
0.245645	-0.0559221	0.921458	-0.134621	-0.99087	-0.00735395	0.0955536	-0.00559438	-0.995409	0.986279	-0.134705	0.0954343	
