0.329884	-0.00181991	0.861044	-0.00359769	-0.999993	-0.00068796	-0.0447759	0.000848366	-0.998997	0.998991	-0.00356328	-0.0447787	
0.331315	-0.00356556	0.858745	-0.0070563	-0.999974	-0.00135076	-0.0505582	0.00170583	-0.99872	0.998696	-0.00697898	-0.0505689	
0.331307	-0.00534546	0.858723	-0.0105881	-0.999942	-0.00203203	-0.0505976	0.0025653	-0.998716	0.998663	-0.0104717	-0.0506219	
0.331276	-0.00713222	0.858723	-0.0141337	-0.999896	-0.00271608	-0.050575	0.00342776	-0.998714	0.99862	-0.0139782	-0.0506182	
0.331237	-0.00891883	0.858724	-0.0176791	-0.999838	-0.00340016	-0.0505449	0.00429007	-0.998713	0.998565	-0.0174845	-0.0506125	
0.33119	-0.010705	0.858724	-0.0212237	-0.999766	-0.0040842	-0.0505081	0.00515211	-0.99871	0.998498	-0.0209901	-0.0506057	
0.331134	-0.0124908	0.858725	-0.0247675	-0.999682	-0.00476817	-0.0504647	0.00601381	-0.998708	0.998419	-0.0244949	-0.0505976	
0.33107	-0.014276	0.858726	-0.0283103	-0.999584	-0.00545206	-0.0504146	0.00687511	-0.998705	0.998327	-0.0279988	-0.0505883	
0.330999	-0.0160605	0.858727	-0.031852	-0.999474	-0.00613586	-0.0503578	0.00773596	-0.998701	0.998223	-0.0315017	-0.0505777	
0.330919	-0.0178443	0.858728	-0.0353924	-0.99935	-0.00681955	-0.0502944	0.00859629	-0.998697	0.998107	-0.0350033	-0.050566	
0.33083	-0.0196274	0.85873	-0.0389313	-0.999214	-0.00750311	-0.0502243	0.00945604	-0.998693	0.997979	-0.0385036	-0.050553	
0.330734	-0.0214095	0.858731	-0.0424686	-0.999064	-0.00818653	-0.0501476	0.0103151	-0.998689	0.997838	-0.0420024	-0.0505388	
0.33063	-0.0231907	0.858733	-0.0460042	-0.998902	-0.00886979	-0.0500643	0.0111736	-0.998683	0.997686	-0.0454996	-0.0505234	
0.330517	-0.0249708	0.858734	-0.049538	-0.998727	-0.00955289	-0.0499744	0.0120312	-0.998678	0.997521	-0.0489951	-0.0505067	
0.330396	-0.0267499	0.858736	-0.0530697	-0.998538	-0.0102358	-0.0498779	0.012888	-0.998672	0.997344	-0.0524887	-0.0504889	
0.330267	-0.0285277	0.858738	-0.0565992	-0.998337	-0.0109185	-0.0497747	0.013744	-0.998666	0.997155	-0.0559802	-0.0504699	
0.33013	-0.0303042	0.85874	-0.0601264	-0.998123	-0.011601	-0.049665	0.014599	-0.998659	0.996954	-0.0594696	-0.0504496	
0.329985	-0.0320794	0.858742	-0.0636511	-0.997897	-0.0122832	-0.0495488	0.015453	-0.998652	0.996741	-0.0629567	-0.0504282	
0.329832	-0.0338531	0.858744	-0.0671732	-0.997657	-0.0129652	-0.049426	0.016306	-0.998645	0.996516	-0.0664414	-0.0504055	
0.329671	-0.0356253	0.858747	-0.0706926	-0.997405	-0.013647	-0.0492967	0.0171578	-0.998637	0.996279	-0.0699235	-0.0503817	
0.329502	-0.0373959	0.858749	-0.0742091	-0.99714	-0.0143285	-0.0491609	0.0180085	-0.998629	0.99603	-0.0734029	-0.0503567	
0.329325	-0.0391648	0.858752	-0.0777225	-0.996862	-0.0150096	-0.0490186	0.0188579	-0.99862	0.995769	-0.0768795	-0.0503305	
0.32914	-0.040932	0.858754	-0.0812327	-0.996572	-0.0156905	-0.0488698	0.0197061	-0.998611	0.995496	-0.0803531	-0.0503031	
0.328947	-0.0426973	0.858757	-0.0847397	-0.996269	-0.016371	-0.0487146	0.0205529	-0.998601	0.995212	-0.0838236	-0.0502745	
0.328746	-0.0444607	0.85876	-0.0882431	-0.995953	-0.0170512	-0.048553	0.0213983	-0.998591	0.994915	-0.0872909	-0.0502447	
0.328537	-0.0462221	0.858763	-0.091743	-0.995625	-0.0177311	-0.0483849	0.0222422	-0.998581	0.994607	-0.0907549	-0.0502138	
0.32832	-0.0479815	0.858766	-0.0952391	-0.995284	-0.0184105	-0.0482105	0.0230846	-0.99857	0.994286	-0.0942154	-0.0501817	
0.328095	-0.0497387	0.858769	-0.0987313	-0.994931	-0.0190896	-0.0480297	0.0239255	-0.998559	0.993954	-0.0976722	-0.0501485	
0.327863	-0.0514937	0.858772	-0.10222	-0.994565	-0.0197683	-0.0478426	0.0247647	-0.998548	0.993611	-0.101125	-0.0501141	
0.327622	-0.0532465	0.858776	-0.105704	-0.994187	-0.0204466	-0.0476492	0.0256022	-0.998536	0.993255	-0.104575	-0.0500785	
0.327374	-0.0549968	0.858779	-0.109183	-0.993797	-0.0211245	-0.0474495	0.026438	-0.998524	0.992888	-0.10802	-0.0500418	
0.327118	-0.0567447	0.858783	-0.112659	-0.993395	-0.0218019	-0.0472436	0.027272	-0.998511	0.99251	-0.111461	-0.050004	
0.326855	-0.0584901	0.858787	-0.116129	-0.99298	-0.0224788	-0.0470315	0.0281041	-0.998498	0.99212	-0.114898	-0.049965	
0.326584	-0.0602329	0.85879	-0.119596	-0.992553	-0.0231553	-0.0468131	0.0289343	-0.998485	0.991718	-0.11833	-0.0499249	
0.326305	-0.0619731	0.858794	-0.123057	-0.992113	-0.0238313	-0.0465886	0.0297626	-0.998471	0.991305	-0.121758	-0.0498837	
0.326018	-0.0637105	0.858798	-0.126513	-0.991662	-0.0245068	-0.046358	0.0305889	-0.998456	0.990881	-0.125182	-0.0498413	
0.325724	-0.0654451	0.858802	-0.129964	-0.991199	-0.0251818	-0.0461212	0.0314131	-0.998442	0.990445	-0.1286	-0.0497979	
0.325423	-0.0671769	0.858807	-0.13341	-0.990724	-0.0258562	-0.0458784	0.0322352	-0.998427	0.989998	-0.132014	-0.0497533	
0.325114	-0.0689057	0.858811	-0.136851	-0.990236	-0.0265301	-0.0456295	0.0330552	-0.998411	0.98954	-0.135423	-0.0497077	
0.324797	-0.0706315	0.858815	-0.140286	-0.989737	-0.0272035	-0.0453747	0.0338729	-0.998396	0.989071	-0.138827	-0.0496609	
0.324473	-0.0723542	0.85882	-0.143716	-0.989226	-0.0278763	-0.0451139	0.0346884	-0.998379	0.98859	-0.142225	-0.0496131	
0.324142	-0.0740737	0.858824	-0.14714	-0.988704	-0.0285485	-0.0448471	0.0355015	-0.998363	0.988099	-0.145618	-0.0495642	
0.323803	-0.0757901	0.858829	-0.150558	-0.988169	-0.02922	-0.0445745	0.0363123	-0.998346	0.987596	-0.149006	-0.0495142	
0.323457	-0.0775031	0.858833	-0.15397	-0.987623	-0.029891	-0.044296	0.0371207	-0.998329	0.987082	-0.152388	-0.0494632	
0.323104	-0.0792128	0.858838	-0.157375	-0.987066	-0.0305614	-0.0440116	0.0379267	-0.998311	0.986558	-0.155765	-0.0494111	
0.322743	-0.0809191	0.858843	-0.160775	-0.986497	-0.0312311	-0.0437215	0.0387301	-0.998293	0.986022	-0.159135	-0.049358	
0.322375	-0.0826219	0.858848	-0.164169	-0.985916	-0.0319001	-0.0434256	0.039531	-0.998274	0.985476	-0.1625	-0.0493038	
0.322	-0.0843212	0.858853	-0.167555	-0.985325	-0.0325685	-0.0431241	0.0403292	-0.998255	0.984919	-0.165859	-0.0492486	
0.321618	-0.0860168	0.858858	-0.170936	-0.984721	-0.0332362	-0.0428168	0.0411249	-0.998236	0.984351	-0.169211	-0.0491923	
0.321229	-0.0877088	0.858863	-0.17431	-0.984107	-0.0339033	-0.0425039	0.0419178	-0.998217	0.983773	-0.172558	-0.0491351	
0.320833	-0.0893971	0.858868	-0.177676	-0.983482	-0.0345696	-0.0421855	0.0427081	-0.998197	0.983184	-0.175898	-0.0490768	
0.32043	-0.0910815	0.858873	-0.181036	-0.982845	-0.0352352	-0.0418614	0.0434955	-0.998176	0.982585	-0.179231	-0.0490176	
0.32002	-0.0927621	0.858879	-0.184389	-0.982197	-0.0359	-0.0415319	0.0442801	-0.998155	0.981975	-0.182558	-0.0489573	
0.319603	-0.0944388	0.858884	-0.187735	-0.981539	-0.0365641	-0.0411969	0.0450619	-0.998134	0.981355	-0.185879	-0.0488961	
0.319179	-0.0961115	0.85889	-0.191074	-0.980869	-0.0372275	-0.0408565	0.0458408	-0.998113	0.980725	-0.189192	-0.0488339	
0.318749	-0.0977801	0.858895	-0.194405	-0.980189	-0.03789	-0.0405107	0.0466167	-0.998091	0.980084	-0.192499	-0.0487707	
0.318311	-0.0994447	0.858901	-0.197729	-0.979498	-0.0385518	-0.0401596	0.0473896	-0.998069	0.979434	-0.195799	-0.0487066	
0.317867	-0.101105	0.858906	-0.201045	-0.978797	-0.0392128	-0.0398032	0.0481596	-0.998046	0.978773	-0.199091	-0.0486415	
0.317417	-0.102761	0.858912	-0.204354	-0.978085	-0.039873	-0.0394416	0.0489264	-0.998023	0.978102	-0.202377	-0.0485755	
0.316959	-0.104413	0.858918	-0.207654	-0.977362	-0.0405324	-0.0390747	0.0496902	-0.998	0.977422	-0.205655	-0.0485085	
0.316496	-0.106061	0.858923	-0.210947	-0.976629	-0.0411909	-0.0387027	0.0504508	-0.997976	0.976731	-0.208926	-0.0484407	
0.316025	-0.107704	0.858929	-0.214232	-0.975886	-0.0418486	-0.0383256	0.0512083	-0.997952	0.976031	-0.21219	-0.0483719	
0.315548	-0.109343	0.858935	-0.217509	-0.975132	-0.0425054	-0.0379434	0.0519625	-0.997928	0.97532	-0.215446	-0.0483022	
0.315065	-0.110977	0.858941	-0.220778	-0.974369	-0.0431613	-0.0375562	0.0527135	-0.997903	0.974601	-0.218694	-0.0482316	
0.314576	-0.112607	0.858947	-0.224039	-0.973595	-0.0438164	-0.0371641	0.0534613	-0.997878	0.973871	-0.221935	-0.0481601	
0.31408	-0.114233	0.858953	-0.227291	-0.972811	-0.0444706	-0.036767	0.0542057	-0.997853	0.973133	-0.225168	-0.0480878	
0.313578	-0.115853	0.858959	-0.230535	-0.972017	-0.0451238	-0.0363651	0.0549467	-0.997827	0.972384	-0.228393	-0.0480146	
0.31307	-0.117469	0.858965	-0.23377	-0.971214	-0.0457762	-0.0359583	0.0556844	-0.997801	0.971627	-0.23161	-0.0479405	
0.312556	-0.11908	0.858971	-0.236996	-0.970401	-0.0464276	-0.0355467	0.0564187	-0.997774	0.97086	-0.234818	-0.0478656	
0.312035	-0.120687	0.858977	-0.240214	-0.969578	-0.0470781	-0.0351305	0.0571495	-0.997747	0.970084	-0.238019	-0.0477899	
0.311509	-0.122289	0.858983	-0.243423	-0.968745	-0.0477276	-0.0347095	0.0578769	-0.99772	0.969299	-0.241212	-0.0477133	
0.310976	-0.123885	0.858989	-0.246624	-0.967903	-0.0483762	-0.034284	0.0586007	-0.997693	0.968505	-0.244396	-0.0476359	
0.310438	-0.125477	0.858995	-0.249815	-0.967052	-0.0490238	-0.0338538	0.059321	-0.997665	0.967702	-0.247572	-0.0475577	
0.309894	-0.127064	0.859002	-0.252997	-0.966191	-0.0496704	-0.0334192	0.0600378	-0.997637	0.96689	-0.250739	-0.0474787	
0.309344	-0.128646	0.859008	-0.25617	-0.965321	-0.050316	-0.03298	0.060751	-0.997608	0.966069	-0.253898	-0.0473989	
0.308788	-0.130223	0.859014	-0.259334	-0.964442	-0.0509607	-0.0325365	0.0614605	-0.997579	0.965239	-0.257048	-0.0473183	
0.308227	-0.131795	0.85902	-0.262489	-0.963554	-0.0516043	-0.0320885	0.0621664	-0.99755	0.964401	-0.26019	-0.047237	
0.30766	-0.133362	0.859027	-0.265634	-0.962657	-0.0522469	-0.0316362	0.0628687	-0.99752	0.963555	-0.263323	-0.0471549	
0.307087	-0.134923	0.859033	-0.26877	-0.961751	-0.0528884	-0.0311797	0.0635672	-0.99749	0.9627	-0.266446	-0.0470721	
0.306509	-0.13648	0.859039	-0.271896	-0.960837	-0.0535289	-0.0307189	0.064262	-0.99746	0.961836	-0.269561	-0.0469885	
0.305926	-0.138031	0.859045	-0.275013	-0.959913	-0.0541683	-0.030254	0.0649531	-0.99743	0.960964	-0.272668	-0.0469042	
0.305337	-0.139577	0.859052	-0.27812	-0.958981	-0.0548067	-0.029785	0.0656404	-0.997399	0.960084	-0.275765	-0.0468192	
0.304743	-0.141117	0.859058	-0.281218	-0.958041	-0.055444	-0.0293118	0.066324	-0.997368	0.959196	-0.278852	-0.0467334	
0.304143	-0.142653	0.859064	-0.284306	-0.957092	-0.0560802	-0.0288347	0.0670037	-0.997336	0.9583	-0.281931	-0.046647	
0.303538	-0.144182	0.859071	-0.287384	-0.956135	-0.0567154	-0.0283536	0.0676796	-0.997304	0.957396	-0.285001	-0.0465599	
0.302928	-0.145707	0.859077	-0.290452	-0.95517	-0.0573494	-0.0278686	0.0683517	-0.997272	0.956484	-0.288061	-0.0464721	
0.302313	-0.147226	0.859083	-0.29351	-0.954196	-0.0579823	-0.0273798	0.0690198	-0.997239	0.955564	-0.291112	-0.0463837	
0.301693	-0.148739	0.85909	-0.296558	-0.953215	-0.0586141	-0.0268871	0.0696841	-0.997207	0.954636	-0.294153	-0.0462945	
0.301068	-0.150248	0.859096	-0.299596	-0.952225	-0.0592447	-0.0263907	0.0703445	-0.997174	0.953701	-0.297185	-0.0462048	
0.300438	-0.15175	0.859102	-0.302623	-0.951228	-0.0598743	-0.0258906	0.071001	-0.99714	0.952758	-0.300208	-0.0461144	
0.299803	-0.153247	0.859108	-0.305641	-0.950223	-0.0605026	-0.0253868	0.0716535	-0.997106	0.951808	-0.303221	-0.0460234	
0.299163	-0.154738	0.859114	-0.308648	-0.94921	-0.0611299	-0.0248794	0.0723021	-0.997072	0.950851	-0.306224	-0.0459317	
0.298518	-0.156224	0.859121	-0.311646	-0.948189	-0.0617559	-0.0243685	0.0729467	-0.997038	0.949886	-0.309218	-0.0458395	
0.297869	-0.157704	0.859127	-0.314632	-0.947162	-0.0623808	-0.0238541	0.0735874	-0.997003	0.948914	-0.312201	-0.0457467	
0.297215	-0.159179	0.859133	-0.317609	-0.946126	-0.0630045	-0.0233363	0.074224	-0.996969	0.947935	-0.315176	-0.0456532	
0.296557	-0.160647	0.859139	-0.320575	-0.945084	-0.063627	-0.022815	0.0748566	-0.996933	0.946948	-0.31814	-0.0455592	
0.295894	-0.16211	0.859145	-0.32353	-0.944034	-0.0642483	-0.0222905	0.0754852	-0.996898	0.945955	-0.321094	-0.0454647	
0.295226	-0.163567	0.859151	-0.326475	-0.942977	-0.0648684	-0.0217626	0.0761098	-0.996862	0.944955	-0.324039	-0.0453696	
0.294554	-0.165019	0.859157	-0.329409	-0.941914	-0.0654873	-0.0212315	0.0767303	-0.996826	0.943949	-0.326973	-0.0452739	
0.293878	-0.166465	0.859163	-0.332333	-0.940843	-0.066105	-0.0206972	0.0773467	-0.996789	0.942935	-0.329898	-0.0451777	
0.293917	-0.166384	0.859161	-0.33217	-0.940903	-0.0660705	-0.0207313	0.0773138	-0.996791	0.942992	-0.329735	-0.0451875	
0.293915	-0.166389	0.859161	-0.332179	-0.940899	-0.0660724	-0.0207292	0.0773156	-0.996791	0.942988	-0.329744	-0.0451868	
0.293915	-0.166389	0.859161	-0.332179	-0.940899	-0.0660723	-0.0207293	0.0773155	-0.996791	0.942989	-0.329743	-0.0451868	
0.293915	-0.166389	0.859161	-0.332179	-0.940899	-0.0660723	-0.0207293	0.0773155	-0.996791	0.942989	-0.329743	-0.0451868	
0.293915	-0.166389	0.859161	-0.332179	-0.940899	-0.0660723	-0.0207293	0.0773155	-0.996791	0.942989	-0.329743	-0.0451868	
0.293915	-0.166389	0.859161	-0.332179	-0.940899	-0.0660723	-0.0207293	0.0773155	-0.996791	0.942989	-0.329743	-0.0451868	
0.293915	-0.166389	0.859161	-0.332179	-0.940899	-0.0660723	-0.0207293	0.0773155	-0.996791	0.942989	-0.329743	-0.0451868	
0.293915	-0.166389	0.859161	-0.332179	-0.940899	-0.0660723	-0.0207293	0.0773155	-0.996791	0.942989	-0.329743	-0.0451868	
0.293915	-0.166389	0.859161	-0.332179	-0.940899	-0.0660723	-0.0207293	0.0773155	-0.996791	0.942989	-0.329743	-0.0451868	
0.293915	-0.166389	0.859161	-0.332179	-0.940899	-0.0660723	-0.0207293	0.0773155	-0.996791	0.942989	-0.329743	-0.0451868	
0.293915	-0.166389	0.859161	-0.332179	-0.940899	-0.0660723	-0.0207293	0.0773155	-0.996791	0.942989	-0.329743	-0.0451868	
0.293915	-0.166389	0.859161	-0.332179	-0.940899	-0.0660723	-0.0207293	0.0773155	-0.996791	0.942989	-0.329743	-0.0451868	
0.293915	-0.166389	0.859161	-0.332179	-0.940899	-0.0660723	-0.0207293	0.0773155	-0.996791	0.942989	-0.329743	-0.0451868	
0.293915	-0.166389	0.859161	-0.332179	-0.940899	-0.0660723	-0.0207293	0.0773155	-0.996791	0.942989	-0.329743	-0.0451868	
0.293915	-0.166389	0.859161	-0.332179	-0.940899	-0.0660723	-0.0207293	0.0773155	-0.996791	0.942989	-0.329743	-0.0451868	
0.293915	-0.166389	0.859161	-0.332179	-0.940899	-0.0660723	-0.0207293	0.0773155	-0.996791	0.942989	-0.329743	-0.0451868	
0.293915	-0.166389	0.859161	-0.332179	-0.940899	-0.0660723	-0.0207293	0.0773155	-0.996791	0.942989	-0.329743	-0.0451868	
0.293915	-0.166389	0.859161	-0.332179	-0.940899	-0.0660723	-0.0207293	0.0773155	-0.996791	0.942989	-0.329743	-0.0451868	
0.293915	-0.166389	0.859161	-0.332179	-0.940899	-0.0660723	-0.0207293	0.0773155	-0.996791	0.942989	-0.329743	-0.0451868	
0.293915	-0.166389	0.859161	-0.332179	-0.940899	-0.0660723	-0.0207293	0.0773155	-0.996791	0.942989	-0.329743	-0.0451868	
0.293915	-0.166389	0.859161	-0.332179	-0.940899	-0.0660723	-0.0207293	0.0773155	-0.996791	0.942989	-0.329743	-0.0451868	
0.293915	-0.166389	0.859161	-0.332179	-0.940899	-0.0660723	-0.0207293	0.0773155	-0.996791	0.942989	-0.329743	-0.0451868	
0.293915	-0.166389	0.859161	-0.332179	-0.940899	-0.0660723	-0.0207293	0.0773155	-0.996791	0.942989	-0.329743	-0.0451868	
0.293915	-0.166389	0.859161	-0.332179	-0.940899	-0.0660723	-0.0207293	0.0773155	-0.996791	0.942989	-0.329743	-0.0451868	
0.293915	-0.166389	0.859161	-0.332179	-0.940899	-0.0660723	-0.0207293	0.0773155	-0.996791	0.942989	-0.329743	-0.0451868	
0.293915	-0.166389	0.859161	-0.332179	-0.940899	-0.0660723	-0.0207293	0.0773155	-0.996791	0.942989	-0.329743	-0.0451868	
0.293915	-0.166389	0.859161	-0.332179	-0.940899	-0.0660723	-0.0207293	0.0773155	-0.996791	0.942989	-0.329743	-0.0451868	
0.293915	-0.166389	0.859161	-0.332179	-0.940899	-0.0660723	-0.0207293	0.0773155	-0.996791	0.942989	-0.329743	-0.0451868	
0.293915	-0.166389	0.859161	-0.332179	-0.940899	-0.0660723	-0.0207293	0.0773155	-0.996791	0.942989	-0.329743	-0.0451868	
0.293915	-0.166389	0.859161	-0.332179	-0.940899	-0.0660723	-0.0207293	0.0773155	-0.996791	0.942989	-0.329743	-0.0451868	
0.293915	-0.166389	0.859161	-0.332179	-0.940899	-0.0660723	-0.0207293	0.0773155	-0.996791	0.942989	-0.329743	-0.0451868	
0.293915	-0.166389	0.859161	-0.332179	-0.940899	-0.0660723	-0.0207293	0.0773155	-0.996791	0.942989	-0.329743	-0.0451868	
0.293915	-0.166389	0.859161	-0.332179	-0.940899	-0.0660723	-0.0207293	0.0773155	-0.996791	0.942989	-0.329743	-0.0451868	
0.293915	-0.166389	0.859161	-0.332179	-0.940899	-0.0660723	-0.0207293	0.0773155	-0.996791	0.942989	-0.329743	-0.0451868	
0.293915	-0.166389	0.859161	-0.332179	-0.940899	-0.0660723	-0.0207293	0.0773155	-0.996791	0.942989	-0.329743	-0.0451868	
0.293915	-0.166389	0.859161	-0.332179	-0.940899	-0.0660723	-0.0207293	0.0773155	-0.996791	0.942989	-0.329743	-0.0451868	
0.293915	-0.166389	0.859161	-0.332179	-0.940899	-0.0660723	-0.0207293	0.0773155	-0.996791	0.942989	-0.329743	-0.0451868	
0.293915	-0.166389	0.859161	-0.332179	-0.940899	-0.0660723	-0.0207293	0.0773155	-0.996791	0.942989	-0.329743	-0.0451868	
0.293915	-0.166389	0.859161	-0.332179	-0.940899	-0.0660723	-0.0207293	0.0773155	-0.996791	0.942989	-0.329743	-0.0451868	
0.293915	-0.166389	0.859161	-0.332179	-0.940899	-0.0660723	-0.0207293	0.0773155	-0.996791	0.942989	-0.329743	-0.0451868	
0.293915	-0.166389	0.859161	-0.332179	-0.940899	-0.0660723	-0.0207293	0.0773155	-0.996791	0.942989	-0.329743	-0.0451868	
0.293915	-0.166389	0.859161	-0.332179	-0.940899	-0.0660723	-0.0207293	0.0773155	-0.996791	0.942989	-0.329743	-0.0451868	
0.293915	-0.166389	0.859161	-0.332179	-0.940899	-0.0660723	-0.0207293	0.0773155	-0.996791	0.942989	-0.329743	-0.0451868	
0.293915	-0.166389	0.859161	-0.332179	-0.940899	-0.0660723	-0.0207293	0.0773155	-0.996791	0.942989	-0.329743	-0.0451868	
0.293915	-0.166389	0.859161	-0.332179	-0.940899	-0.0660723	-0.0207293	0.0773155	-0.996791	0.942989	-0.329743	-0.0451868	
0.293915	-0.166389	0.859161	-0.332179	-0.940899	-0.0660723	-0.0207293	0.0773155	-0.996791	0.942989	-0.329743	-0.0451868	
0.293915	-0.166389	0.859161	-0.332179	-0.940899	-0.0660723	-0.0207293	0.0773155	-0.996791	0.942989	-0.329743	-0.0451868	
0.293915	-0.166389	0.859161	-0.332179	-0.940899	-0.0660723	-0.0207293	0.0773155	-0.996791	0.942989	-0.329743	-0.0451868	
0.293915	-0.166389	0.859161	-0.332179	-0.940899	-0.0660723	-0.0207293	0.0773155	-0.996791	0.942989	-0.329743	-0.0451868	
0.293915	-0.166389	0.859161	-0.332179	-0.940899	-0.0660723	-0.0207293	0.0773155	-0.996791	0.942989	-0.329743	-0.0451868	
0.293915	-0.166389	0.859161	-0.332179	-0.940899	-0.0660723	-0.0207293	0.0773155	-0.996791	0.942989	-0.329743	-0.0451868	
0.293915	-0.166389	0.859161	-0.332179	-0.940899	-0.0660723	-0.0207293	0.0773155	-0.996791	0.942989	-0.329743	-0.0451868	
0.293915	-0.166389	0.859161	-0.332179	-0.940899	-0.0660723	-0.0207293	0.0773155	-0.996791	0.942989	-0.329743	-0.0451868	
0.293915	-0.166389	0.859161	-0.332179	-0.940899	-0.0660723	-0.0207293	0.0773155	-0.996791	0.942989	-0.329743	-0.0451868	
0.293915	-0.166389	0.859161	-0.332179	-0.940899	-0.0660723	-0.0207293	0.0773155	-0.996791	0.942989	-0.329743	-0.0451868	
0.293915	-0.166389	0.859161	-0.332179	-0.940899	-0.0660723	-0.0207293	0.0773155	-0.996791	0.942989	-0.329743	-0.0451868	
0.293915	-0.166389	0.859161	-0.332179	-0.940899	-0.0660723	-0.0207293	0.0773155	-0.996791	0.942989	-0.329743	-0.0451868	
0.293915	-0.166389	0.859161	-0.332179	-0.940899	-0.0660723	-0.0207293	0.0773155	-0.996791	0.942989	-0.329743	-0.0451868	
0.293915	-0.166389	0.859161	-0.332179	-0.940899	-0.0660723	-0.0207293	0.0773155	-0.996791	0.942989	-0.329743	-0.0451868	
0.293915	-0.166389	0.859161	-0.332179	-0.940899	-0.0660723	-0.0207293	0.0773155	-0.996791	0.942989	-0.329743	-0.0451868	
0.293915	-0.166389	0.859161	-0.332179	-0.940899	-0.0660723	-0.0207293	0.0773155	-0.996791	0.942989	-0.329743	-0.0451868	
0.293915	-0.166389	0.859161	-0.332179	-0.940899	-0.0660723	-0.0207293	0.0773155	-0.996791	0.942989	-0.329743	-0.0451868	
0.293915	-0.166389	0.859161	-0.332179	-0.940899	-0.0660723	-0.0207293	0.0773155	-0.996791	0.942989	-0.329743	-0.0451868	
0.293915	-0.166389	0.859161	-0.332179	-0.940899	-0.0660723	-0.0207293	0.0773155	-0.996791	0.942989	-0.329743	-0.0451868	
0.293915	-0.166389	0.859161	-0.332179	-0.940899	-0.0660723	-0.0207293	0.0773155	-0.996791	0.942989	-0.329743	-0.0451868	
0.293915	-0.166389	0.859161	-0.332179	-0.940899	-0.0660723	-0.0207293	0.0773155	-0.996791	0.942989	-0.329743	-0.0451868	
0.293915	-0.166389	0.859161	-0.332179	-0.940899	-0.0660723	-0.0207293	0.0773155	-0.996791	0.942989	-0.329743	-0.0451868	
0.293915	-0.166389	0.859161	-0.332179	-0.940899	-0.0660723	-0.0207293	0.0773155	-0.996791	0.942989	-0.329743	-0.0451868	
0.293915	-0.166389	0.859161	-0.332179	-0.940899	-0.0660723	-0.0207293	0.0773155	-0.996791	0.942989	-0.329743	-0.0451868	
0.293915	-0.166389	0.859161	-0.332179	-0.940899	-0.0660723	-0.0207293	0.0773155	-0.996791	0.942989	-0.329743	-0.0451868	
0.293915	-0.166389	0.859161	-0.332179	-0.940899	-0.0660723	-0.0207293	0.0773155	-0.996791	0.942989	-0.329743	-0.0451868	
0.293915	-0.166389	0.859161	-0.332179	-0.940899	-0.0660723	-0.0207293	0.0773155	-0.996791	0.942989	-0.329743	-0.0451868	
0.293915	-0.166389	0.859161	-0.332179	-0.940899	-0.0660723	-0.0207293	0.0773155	-0.996791	0.942989	-0.329743	-0.0451868	
0.293915	-0.166389	0.859161	-0.332179	-0.940899	-0.0660723	-0.0207293	0.0773155	-0.996791	0.942989	-0.329743	-0.0451868	
0.293915	-0.166389	0.859161	-0.332179	-0.940899	-0.0660723	-0.0207293	0.0773155	-0.996791	0.942989	-0.329743	-0.0451868	
0.293915	-0.166389	0.859161	-0.332179	-0.940899	-0.0660723	-0.0207293	0.0773155	-0.996791	0.942989	-0.329743	-0.0451868	
0.293915	-0.166389	0.859161	-0.332179	-0.940899	-0.0660723	-0.0207293	0.0773155	-0.996791	0.942989	-0.329743	-0.0451868	
0.293915	-0.166389	0.859161	-0.332179	-0.940899	-0.0660723	-0.0207293	0.0773155	-0.996791	0.942989	-0.329743	-0.0451868	
0.293915	-0.166389	0.859161	-0.332179	-0.940899	-0.0660723	-0.0207293	0.0773155	-0.996791	0.942989	-0.329743	-0.0451868	
0.293915	-0.166389	0.859161	-0.332179	-0.940899	-0.0660723	-0.0207293	0.0773155	-0.996791	0.942989	-0.329743	-0.0451868	
0.293915	-0.166389	0.859161	-0.332179	-0.940899	-0.0660723	-0.0207293	0.0773155	-0.996791	0.942989	-0.329743	-0.0451868	
0.293915	-0.166389	0.859161	-0.332179	-0.940899	-0.0660723	-0.0207293	0.0773155	-0.996791	0.942989	-0.329743	-0.0451868	
0.293915	-0.166389	0.859161	-0.332179	-0.940899	-0.0660723	-0.0207293	0.0773155	-0.996791	0.942989	-0.329743	-0.0451868	
0.293915	-0.166389	0.859161	-0.332179	-0.940899	-0.0660723	-0.0207293	0.0773155	-0.996791	0.942989	-0.329743	-0.0451868	
0.293915	-0.166389	0.859161	-0.332179	-0.940899	-0.0660723	-0.0207293	0.0773155	-0.996791	0.942989	-0.329743	-0.0451868	
0.293915	-0.166389	0.859161	-0.332179	-0.940899	-0.0660723	-0.0207293	0.0773155	-0.996791	0.942989	-0.329743	-0.0451868	
0.293915	-0.166389	0.859161	-0.332179	-0.940899	-0.0660723	-0.0207293	0.0773155	-0.996791	0.942989	-0.329743	-0.0451868	
0.293915	-0.166389	0.859161	-0.332179	-0.940899	-0.0660723	-0.0207293	0.0773155	-0.996791	0.942989	-0.329743	-0.0451868	
0.293915	-0.166389	0.859161	-0.332179	-0.940899	-0.0660723	-0.0207293	0.0773155	-0.996791	0.942989	-0.329743	-0.0451868	
0.293915	-0.166389	0.859161	-0.332179	-0.940899	-0.0660723	-0.0207293	0.0773155	-0.996791	0.942989	-0.329743	-0.0451868	
0.293915	-0.166389	0.859161	-0.332179	-0.940899	-0.0660723	-0.0207293	0.0773155	-0.996791	0.942989	-0.329743	-0.0451868	
0.293915	-0.166389	0.859161	-0.332179	-0.940899	-0.0660723	-0.0207293	0.0773155	-0.996791	0.942989	-0.329743	-0.0451868	
0.293915	-0.166389	0.859161	-0.332179	-0.940899	-0.0660723	-0.0207293	0.0773155	-0.996791	0.942989	-0.329743	-0.0451868	
0.293915	-0.166389	0.859161	-0.332179	-0.940899	-0.0660723	-0.0207293	0.0773155	-0.996791	0.942989	-0.329743	-0.0451868	
0.293915	-0.166389	0.859161	-0.332179	-0.940899	-0.0660723	-0.0207293	0.0773155	-0.996791	0.942989	-0.329743	-0.0451868	
0.293915	-0.166389	0.859161	-0.332179	-0.940899	-0.0660723	-0.0207293	0.0773155	-0.996791	0.942989	-0.329743	-0.0451868	
0.293915	-0.166389	0.859161	-0.332179	-0.940899	-0.0660723	-0.0207293	0.0773155	-0.996791	0.942989	-0.329743	-0.0451868	
0.293915	-0.166389	0.859161	-0.332179	-0.940899	-0.0660723	-0.0207293	0.0773155	-0.996791	0.942989	-0.329743	-0.0451868	
0.293915	-0.166389	0.859161	-0.332179	-0.940899	-0.0660723	-0.0207293	0.0773155	-0.996791	0.942989	-0.329743	-0.0451868	
0.293915	-0.166389	0.859161	-0.332179	-0.940899	-0.0660723	-0.0207293	0.0773155	-0.996791	0.942989	-0.329743	-0.0451868	
0.294225	-0.164746	0.859824	-0.32896	-0.942071	-0.0654776	-0.0196829	0.0761616	-0.996901	0.944139	-0.326652	-0.0435969	
0.294513	-0.163192	0.860447	-0.325913	-0.943168	-0.0649123	-0.0186959	0.0750778	-0.997002	0.945215	-0.323723	-0.0421023	
0.294795	-0.161627	0.861073	-0.322848	-0.944261	-0.0643419	-0.0176953	0.0739926	-0.997102	0.946285	-0.320774	-0.0405974	
0.295071	-0.160059	0.861701	-0.319775	-0.945345	-0.0637683	-0.0166858	0.0729103	-0.997199	0.947346	-0.317815	-0.0390888	
0.295339	-0.158486	0.862329	-0.316694	-0.946421	-0.0631913	-0.0156672	0.0718307	-0.997294	0.948398	-0.314847	-0.0375761	
0.295601	-0.156908	0.862959	-0.313604	-0.947487	-0.062611	-0.0146396	0.0707539	-0.997386	0.949441	-0.311868	-0.0360595	
0.295856	-0.155326	0.863589	-0.310507	-0.948545	-0.0620274	-0.0136028	0.06968	-0.997477	0.950474	-0.30888	-0.034539	
0.296103	-0.15374	0.864221	-0.307401	-0.949594	-0.0614404	-0.012557	0.068609	-0.997565	0.951497	-0.305881	-0.0330145	
0.296343	-0.152149	0.864853	-0.304288	-0.950635	-0.06085	-0.0115022	0.0675412	-0.99765	0.952511	-0.302873	-0.0314863	
0.296577	-0.150555	0.865487	-0.301166	-0.951666	-0.0602563	-0.0104383	0.0664764	-0.997733	0.953514	-0.299855	-0.0299543	
0.296803	-0.148956	0.866121	-0.298037	-0.952688	-0.0596592	-0.00936556	0.065415	-0.997814	0.954508	-0.296827	-0.0284186	
0.297022	-0.147353	0.866757	-0.294901	-0.953701	-0.0590587	-0.00828384	0.0643568	-0.997893	0.955492	-0.29379	-0.0268792	
0.297233	-0.145745	0.867393	-0.291756	-0.954705	-0.0584549	-0.0071932	0.0633021	-0.997968	0.956466	-0.290743	-0.0253362	
0.297437	-0.144134	0.86803	-0.288605	-0.955699	-0.0578477	-0.00609369	0.0622509	-0.998042	0.957429	-0.287687	-0.0237896	
0.297634	-0.142519	0.868668	-0.285446	-0.956684	-0.0572372	-0.00498534	0.0612033	-0.998113	0.958382	-0.284622	-0.0222396	
0.297824	-0.1409	0.869306	-0.28228	-0.95766	-0.0566232	-0.00386818	0.0601593	-0.998181	0.959324	-0.281547	-0.0206862	
0.298005	-0.139277	0.869946	-0.279107	-0.958626	-0.0560059	-0.00274225	0.0591192	-0.998247	0.960256	-0.278464	-0.0191293	
0.29818	-0.137651	0.870586	-0.275926	-0.959582	-0.0553852	-0.00160759	0.0580829	-0.99831	0.961177	-0.275371	-0.0175692	
0.298347	-0.13602	0.871227	-0.272739	-0.960528	-0.0547612	-0.000464241	0.0570505	-0.998371	0.962088	-0.27227	-0.0160058	
0.298506	-0.134386	0.871868	-0.269545	-0.961465	-0.0541338	0.000687761	0.0560222	-0.998429	0.962987	-0.269159	-0.0144393	
0.298657	-0.132749	0.872511	-0.266345	-0.962392	-0.053503	0.00184837	0.054998	-0.998485	0.963876	-0.26604	-0.0128696	
0.298801	-0.131108	0.873153	-0.263138	-0.963309	-0.0528688	0.00301754	0.053978	-0.998538	0.964754	-0.262912	-0.0112968	
0.298938	-0.129463	0.873797	-0.259924	-0.964215	-0.0522313	0.00419523	0.0529623	-0.998588	0.96562	-0.259776	-0.00972106	
0.299066	-0.127815	0.874441	-0.256704	-0.965112	-0.0515904	0.00538139	0.051951	-0.998635	0.966475	-0.256631	-0.00814238	
0.299187	-0.126164	0.875085	-0.253478	-0.965999	-0.0509461	0.00657597	0.0509442	-0.99868	0.967319	-0.253478	-0.00656084	
0.299299	-0.124509	0.87573	-0.250246	-0.966875	-0.0502985	0.00777893	0.0499419	-0.998722	0.968151	-0.250317	-0.00497649	
0.299404	-0.122851	0.876375	-0.247007	-0.967741	-0.0496475	0.0089902	0.0489443	-0.998761	0.968972	-0.247148	-0.00338941	
0.299501	-0.121191	0.877021	-0.243763	-0.968597	-0.0489932	0.0102097	0.0479513	-0.998797	0.969781	-0.24397	-0.00179966	
0.29959	-0.119527	0.877667	-0.240513	-0.969442	-0.0483355	0.0114375	0.0469632	-0.998831	0.970578	-0.240785	-0.000207314	
0.299671	-0.11786	0.878313	-0.237258	-0.970276	-0.0476744	0.0126734	0.04598	-0.998862	0.971364	-0.237592	0.00138756	
0.299744	-0.11619	0.87896	-0.233997	-0.9711	-0.04701	0.0139174	0.0450018	-0.99889	0.972138	-0.234391	0.00298489	
0.299809	-0.114517	0.879607	-0.23073	-0.971914	-0.0463423	0.0151694	0.0440286	-0.998915	0.972899	-0.231183	0.00458461	
0.299866	-0.112842	0.880254	-0.227459	-0.972716	-0.0456712	0.0164294	0.0430606	-0.998937	0.973649	-0.227967	0.00618665	
0.299915	-0.111164	0.880902	-0.224182	-0.973508	-0.0449969	0.0176973	0.0420977	-0.998957	0.974387	-0.224744	0.00779094	
0.299956	-0.109483	0.881549	-0.2209	-0.974289	-0.0443191	0.0189731	0.0411402	-0.998973	0.975112	-0.221514	0.0093974	
0.299988	-0.1078	0.882197	-0.217613	-0.975059	-0.0436381	0.0202567	0.0401881	-0.998987	0.975825	-0.218277	0.011006	
0.300013	-0.106114	0.882845	-0.214322	-0.975818	-0.0429538	0.0215479	0.0392414	-0.998997	0.976525	-0.215033	0.0126166	
0.300029	-0.104426	0.883493	-0.211026	-0.976566	-0.0422661	0.0228469	0.0383003	-0.999005	0.977213	-0.211782	0.0142291	
0.300037	-0.102736	0.884141	-0.207726	-0.977303	-0.0415752	0.0241534	0.0373648	-0.99901	0.977889	-0.208524	0.0158435	
0.300037	-0.101043	0.884789	-0.204421	-0.978029	-0.040881	0.0254674	0.036435	-0.999011	0.978552	-0.20526	0.0174598	
0.300028	-0.0993479	0.885437	-0.201112	-0.978744	-0.0401835	0.0267888	0.035511	-0.99901	0.979202	-0.201989	0.0190777	
0.300011	-0.0976508	0.886085	-0.197798	-0.979447	-0.0394827	0.0281177	0.0345928	-0.999006	0.979839	-0.198712	0.0206974	
0.299986	-0.0959518	0.886733	-0.194481	-0.980139	-0.0387787	0.0294538	0.0336806	-0.998999	0.980464	-0.195429	0.0223186	
0.299952	-0.0942508	0.88738	-0.19116	-0.98082	-0.0380714	0.0307971	0.0327743	-0.998988	0.981076	-0.192139	0.0239413	
0.29991	-0.092548	0.888028	-0.187836	-0.98149	-0.0373609	0.0321476	0.0318742	-0.998975	0.981674	-0.188844	0.0255654	
0.29986	-0.0908433	0.888675	-0.184508	-0.982148	-0.0366472	0.0335051	0.0309802	-0.998958	0.98226	-0.185543	0.0271909	
0.299801	-0.089137	0.889322	-0.181176	-0.982794	-0.0359303	0.0348696	0.0300924	-0.998939	0.982832	-0.182237	0.0288176	
0.299734	-0.087429	0.889969	-0.177841	-0.983429	-0.0352101	0.036241	0.0292109	-0.998916	0.983392	-0.178924	0.0304456	
0.299658	-0.0857195	0.890615	-0.174503	-0.984052	-0.0344868	0.0376193	0.0283357	-0.99889	0.983938	-0.175607	0.0320747	
0.299574	-0.0840085	0.891261	-0.171162	-0.984664	-0.0337603	0.0390042	0.027467	-0.998861	0.98447	-0.172284	0.0337048	
0.299482	-0.0822961	0.891907	-0.167818	-0.985264	-0.0330306	0.0403958	0.0266048	-0.998829	0.98499	-0.168956	0.0353358	
0.299381	-0.0805824	0.892552	-0.164472	-0.985853	-0.0322978	0.041794	0.0257492	-0.998794	0.985496	-0.165623	0.0369677	
0.299272	-0.0788675	0.893197	-0.161123	-0.98643	-0.0315618	0.0431987	0.0249002	-0.998756	0.985988	-0.162286	0.0386005	
0.299154	-0.0771514	0.893841	-0.157771	-0.986995	-0.0308227	0.0446097	0.0240579	-0.998715	0.986468	-0.158944	0.0402339	
0.299027	-0.0754343	0.894485	-0.154418	-0.987548	-0.0300805	0.0460271	0.0232223	-0.99867	0.986933	-0.155597	0.041868	
0.298892	-0.0737162	0.895128	-0.151062	-0.988089	-0.0293352	0.0474506	0.0223936	-0.998623	0.987385	-0.152245	0.0435026	
0.298749	-0.0719972	0.89577	-0.147704	-0.988618	-0.0285869	0.0488803	0.0215717	-0.998572	0.987823	-0.14889	0.0451377	
0.298597	-0.0702773	0.896412	-0.144344	-0.989136	-0.0278354	0.050316	0.0207569	-0.998518	0.988248	-0.14553	0.0467733	
0.298437	-0.0685568	0.897054	-0.140982	-0.989642	-0.0270809	0.0517577	0.019949	-0.99846	0.988658	-0.142167	0.0484091	
0.298268	-0.0668356	0.897694	-0.137619	-0.990135	-0.0263234	0.0532052	0.0191482	-0.9984	0.989055	-0.1388	0.0500451	
0.298091	-0.0651138	0.898334	-0.134255	-0.990617	-0.0255629	0.0546584	0.0183545	-0.998336	0.989438	-0.135429	0.0516814	
0.297905	-0.0633915	0.898973	-0.130889	-0.991087	-0.0247994	0.0561173	0.0175679	-0.99827	0.989808	-0.132054	0.0533176	
0.29771	-0.0616688	0.899611	-0.127522	-0.991545	-0.0240329	0.0575817	0.0167887	-0.9982	0.990163	-0.128676	0.0549539	
0.297507	-0.0599458	0.900248	-0.124154	-0.99199	-0.0232635	0.0590516	0.0160167	-0.998126	0.990504	-0.125295	0.0565901	
0.297296	-0.0582226	0.900885	-0.120785	-0.992424	-0.0224911	0.0605269	0.015252	-0.99805	0.990832	-0.121911	0.0582261	
0.297076	-0.0564992	0.90152	-0.117416	-0.992845	-0.0217158	0.0620074	0.0144947	-0.99797	0.991145	-0.118524	0.0598619	
0.296848	-0.0547757	0.902155	-0.114046	-0.993255	-0.0209376	0.0634931	0.0137449	-0.997888	0.991444	-0.115135	0.0614973	
0.296611	-0.0530523	0.902788	-0.110676	-0.993652	-0.0201565	0.0649839	0.0130026	-0.997802	0.99173	-0.111742	0.0631323	
0.296366	-0.0513289	0.903421	-0.107305	-0.994037	-0.0193726	0.0664796	0.0122678	-0.997712	0.992001	-0.108348	0.0647668	
0.296112	-0.0496057	0.904052	-0.103934	-0.99441	-0.0185858	0.0679801	0.0115406	-0.99762	0.992258	-0.10495	0.0664007	
0.29585	-0.0478828	0.904683	-0.100564	-0.994771	-0.0177962	0.0694855	0.010821	-0.997524	0.992501	-0.101551	0.068034	
0.295579	-0.0461602	0.905312	-0.0971932	-0.99512	-0.0170038	0.0709955	0.0101091	-0.997425	0.99273	-0.0981501	0.0696665	
0.2953	-0.0444381	0.90594	-0.093823	-0.995457	-0.0162086	0.07251	0.00940486	-0.997323	0.992945	-0.0947472	0.0712982	
0.295012	-0.0427165	0.906567	-0.0904533	-0.995781	-0.0154107	0.074029	0.00870841	-0.997218	0.993145	-0.0913425	0.072929	
0.294717	-0.0409955	0.907192	-0.0870842	-0.996094	-0.0146101	0.0755523	0.00801975	-0.99711	0.993332	-0.0879363	0.0745588	
0.294412	-0.0392751	0.907816	-0.0837159	-0.996394	-0.0138067	0.0770799	0.00733892	-0.996998	0.993504	-0.0845288	0.0761875	
0.2941	-0.0375555	0.908439	-0.0803485	-0.996682	-0.0130007	0.0786116	0.00666596	-0.996883	0.993662	-0.08112	0.0778151	
0.293779	-0.0358368	0.909061	-0.0769821	-0.996958	-0.012192	0.0801473	0.00600091	-0.996765	0.993806	-0.0777102	0.0794415	
0.29345	-0.034119	0.909681	-0.0736169	-0.997222	-0.0113807	0.0816869	0.00534379	-0.996644	0.993936	-0.0742995	0.0810666	
0.293112	-0.0324021	0.9103	-0.0702531	-0.997473	-0.0105667	0.0832304	0.00469464	-0.996519	0.994051	-0.0708881	0.0826903	
0.292766	-0.0306864	0.910918	-0.0668908	-0.997713	-0.00975024	0.0847775	0.00405349	-0.996392	0.994152	-0.067476	0.0843125	
0.292412	-0.0289719	0.911534	-0.0635301	-0.99794	-0.00893116	0.0863283	0.00342037	-0.996261	0.994239	-0.0640636	0.0859332	
0.29205	-0.0272586	0.912148	-0.0601712	-0.998155	-0.00810956	0.0878825	0.00279531	-0.996127	0.994312	-0.0606508	0.0875522	
0.291679	-0.0255466	0.912761	-0.0568142	-0.998358	-0.00728545	0.0894402	0.00217834	-0.99599	0.99437	-0.057238	0.0891696	
0.291301	-0.023836	0.913373	-0.0534593	-0.998549	-0.00645885	0.0910011	0.00156947	-0.99585	0.994415	-0.0538251	0.0907852	
0.290914	-0.022127	0.913982	-0.0501065	-0.998728	-0.00562981	0.0925652	0.000968747	-0.995706	0.994445	-0.0504125	0.0923989	
0.290519	-0.0204195	0.914591	-0.0467561	-0.998895	-0.00479833	0.0941323	0.000376178	-0.99556	0.994461	-0.0470002	0.0940107	
0.290116	-0.0187137	0.915197	-0.0434082	-0.99905	-0.00396446	0.0957024	-0.000208211	-0.99541	0.994463	-0.0435884	0.0956205	
0.289705	-0.0170096	0.915802	-0.0400629	-0.999192	-0.00312821	0.0972753	-0.0007844	-0.995257	0.994451	-0.0401772	0.0972282	
0.289286	-0.0153073	0.916405	-0.0367204	-0.999323	-0.00228961	0.098851	-0.00135237	-0.995101	0.994425	-0.0367669	0.0988337	
0.288859	-0.0136069	0.917006	-0.0333808	-0.999442	-0.0014487	0.100429	-0.00191211	-0.994942	0.994384	-0.0333575	0.100437	
0.288424	-0.0119084	0.917606	-0.0300442	-0.999548	-0.000605497	0.10201	-0.00246359	-0.99478	0.99433	-0.0299492	0.102038	
0.287981	-0.010212	0.918204	-0.0267109	-0.999643	0.000239965	0.103593	-0.00300681	-0.994615	0.994261	-0.0265422	0.103637	
0.287531	-0.00851778	0.918799	-0.0233808	-0.999726	0.00108766	0.105179	-0.00354175	-0.994447	0.994178	-0.0231365	0.105233	
0.287072	-0.00682572	0.919393	-0.0200542	-0.999797	0.00193756	0.106767	-0.0040684	-0.994276	0.994082	-0.0197325	0.106826	
0.286606	-0.00513592	0.919986	-0.0167311	-0.999856	0.00278963	0.108356	-0.00458676	-0.994102	0.993971	-0.0163302	0.108417	
0.286131	-0.00344848	0.920576	-0.0134118	-0.999903	0.00364384	0.109948	-0.0050968	-0.993924	0.993847	-0.0129297	0.110006	
0.285649	-0.00176346	0.921164	-0.0100963	-0.999939	0.00450017	0.111542	-0.00559852	-0.993744	0.993708	-0.00953122	0.111591	
0.28516	-8.09372e-05	0.92175	-0.00678486	-0.999963	0.00535859	0.113137	-0.00609193	-0.993561	0.993556	-0.00613492	0.113174	
0.284663	0.00159901	0.922335	-0.00347751	-0.999975	0.00621905	0.114734	-0.006577	-0.993374	0.99339	-0.00274093	0.114754	
0.284683	0.00153696	0.92231	-0.00359964	-0.999974	0.00618726	0.114668	-0.00655925	-0.993382	0.993397	-0.00286634	0.114688	
0.284683	0.00153932	0.922311	-0.00359499	-0.999974	0.00618847	0.11467	-0.00655992	-0.993382	0.993397	-0.00286156	0.114691	
0.284683	0.00153923	0.922311	-0.00359516	-0.999974	0.00618843	0.11467	-0.0065599	-0.993382	0.993397	-0.00286174	0.114691	
0.284683	0.00153924	0.922311	-0.00359516	-0.999974	0.00618843	0.11467	-0.0065599	-0.993382	0.993397	-0.00286173	0.114691	
0.284683	0.00153924	0.922311	-0.00359516	-0.999974	0.00618843	0.11467	-0.0065599	-0.993382	0.993397	-0.00286173	0.114691	
0.284683	0.00153924	0.922311	-0.00359516	-0.999974	0.00618843	0.11467	-0.0065599	-0.993382	0.993397	-0.00286173	0.114691	
0.284683	0.00153924	0.922311	-0.00359516	-0.999974	0.00618843	0.11467	-0.0065599	-0.993382	0.993397	-0.00286173	0.114691	
0.284683	0.00153924	0.922311	-0.00359516	-0.999974	0.00618843	0.11467	-0.0065599	-0.993382	0.993397	-0.00286173	0.114691	
0.284683	0.00153924	0.922311	-0.00359516	-0.999974	0.00618843	0.11467	-0.0065599	-0.993382	0.993397	-0.00286173	0.114691	
0.284683	0.00153924	0.922311	-0.00359516	-0.999974	0.00618843	0.11467	-0.0065599	-0.993382	0.993397	-0.00286173	0.114691	
0.284683	0.00153924	0.922311	-0.00359516	-0.999974	0.00618843	0.11467	-0.0065599	-0.993382	0.993397	-0.00286173	0.114691	
0.284683	0.00153924	0.922311	-0.00359516	-0.999974	0.00618843	0.11467	-0.0065599	-0.993382	0.993397	-0.00286173	0.114691	
0.284683	0.00153924	0.922311	-0.00359516	-0.999974	0.00618843	0.11467	-0.0065599	-0.993382	0.993397	-0.00286173	0.114691	
0.284683	0.00153924	0.922311	-0.00359516	-0.999974	0.00618843	0.11467	-0.0065599	-0.993382	0.993397	-0.00286173	0.114691	
0.284683	0.00153924	0.922311	-0.00359516	-0.999974	0.00618843	0.11467	-0.0065599	-0.993382	0.993397	-0.00286173	0.114691	
0.284683	0.00153924	0.922311	-0.00359516	-0.999974	0.00618843	0.11467	-0.0065599	-0.993382	0.993397	-0.00286173	0.114691	
0.284683	0.00153924	0.922311	-0.00359516	-0.999974	0.00618843	0.11467	-0.0065599	-0.993382	0.993397	-0.00286173	0.114691	
0.284683	0.00153924	0.922311	-0.00359516	-0.999974	0.00618843	0.11467	-0.0065599	-0.993382	0.993397	-0.00286173	0.114691	
0.284683	0.00153924	0.922311	-0.00359516	-0.999974	0.00618843	0.11467	-0.0065599	-0.993382	0.993397	-0.00286173	0.114691	
0.284683	0.00153924	0.922311	-0.00359516	-0.999974	0.00618843	0.11467	-0.0065599	-0.993382	0.993397	-0.00286173	0.114691	
0.284683	0.00153924	0.922311	-0.00359516	-0.999974	0.00618843	0.11467	-0.0065599	-0.993382	0.993397	-0.00286173	0.114691	
0.284683	0.00153924	0.922311	-0.00359516	-0.999974	0.00618843	0.11467	-0.0065599	-0.993382	0.993397	-0.00286173	0.114691	
0.284683	0.00153924	0.922311	-0.00359516	-0.999974	0.00618843	0.11467	-0.0065599	-0.993382	0.993397	-0.00286173	0.114691	
0.284683	0.00153924	0.922311	-0.00359516	-0.999974	0.00618843	0.11467	-0.0065599	-0.993382	0.993397	-0.00286173	0.114691	
0.284683	0.00153924	0.922311	-0.00359516	-0.999974	0.00618843	0.11467	-0.0065599	-0.993382	0.993397	-0.00286173	0.114691	
0.284683	0.00153924	0.922311	-0.00359516	-0.999974	0.00618843	0.11467	-0.0065599	-0.993382	0.993397	-0.00286173	0.114691	
0.284683	0.00153924	0.922311	-0.00359516	-0.999974	0.00618843	0.11467	-0.0065599	-0.993382	0.993397	-0.00286173	0.114691	
0.284683	0.00153924	0.922311	-0.00359516	-0.999974	0.00618843	0.11467	-0.0065599	-0.993382	0.993397	-0.00286173	0.114691	
0.284683	0.00153924	0.922311	-0.00359516	-0.999974	0.00618843	0.11467	-0.0065599	-0.993382	0.993397	-0.00286173	0.114691	
0.284683	0.00153924	0.922311	-0.00359516	-0.999974	0.00618843	0.11467	-0.0065599	-0.993382	0.993397	-0.00286173	0.114691	
0.284683	0.00153924	0.922311	-0.00359516	-0.999974	0.00618843	0.11467	-0.0065599	-0.993382	0.993397	-0.00286173	0.114691	
