0.324455	-0.00984694	0.869613	-0.0201088	-0.999794	0.00268803	-0.0236365	-0.00221243	-0.999718	0.999518	-0.0201667	-0.0235871	
0.328827	-0.0198262	0.860921	-0.0408108	-0.999139	0.00740099	-0.0470365	-0.0054778	-0.998878	0.998059	-0.0411131	-0.0467725	
0.326711	-0.0298695	0.860732	-0.0623726	-0.997963	0.0134203	-0.0485159	-0.0103989	-0.998768	0.996873	-0.0629468	-0.0477684	
0.323091	-0.0399768	0.861653	-0.0847861	-0.996178	0.020998	-0.047969	-0.0169686	-0.998705	0.995244	-0.0856835	-0.046347	
0.318682	-0.0501157	0.862681	-0.107861	-0.993723	0.0296712	-0.0481849	-0.0245849	-0.998536	0.992998	-0.109132	-0.0452307	
0.313998	-0.0602072	0.863589	-0.130981	-0.990657	0.037991	-0.0499614	-0.0316764	-0.998249	0.990125	-0.13265	-0.0453456	
0.308938	-0.0702557	0.864699	-0.154192	-0.986974	0.0458964	-0.0525984	-0.0381865	-0.997885	0.98664	-0.15628	-0.0460253	
0.303454	-0.0802621	0.866188	-0.177534	-0.982668	0.0533384	-0.055422	-0.0441299	-0.997487	0.982553	-0.180044	-0.0466268	
0.297549	-0.0902197	0.868129	-0.201023	-0.977729	0.0602884	-0.057652	-0.0496296	-0.997102	0.977888	-0.203917	-0.0463914	
0.291578	-0.100104	0.869502	-0.224399	-0.972164	0.067393	-0.0610846	-0.0549883	-0.996617	0.972581	-0.227757	-0.0470449	
0.285528	-0.109907	0.870373	-0.247619	-0.965978	0.0746416	-0.0656079	-0.0601459	-0.996031	0.966633	-0.251534	-0.0484825	
0.279618	-0.119548	0.870787	-0.27005	-0.959456	0.0807241	-0.0707037	-0.0638522	-0.995452	0.960247	-0.274529	-0.0505938	
0.274923	-0.128942	0.870463	-0.290545	-0.953184	0.0838054	-0.0761749	-0.0642645	-0.995021	0.953824	-0.295482	-0.0539369	
0.270897	-0.138066	0.870012	-0.309243	-0.947295	0.0836702	-0.0800741	-0.0617327	-0.994875	0.947606	-0.314358	-0.0567634	
0.26743	-0.14692	0.869383	-0.326191	-0.941881	0.0803662	-0.0823112	-0.0563934	-0.99501	0.941713	-0.331179	-0.0591323	
0.265781	-0.150889	0.869179	-0.334379	-0.939157	0.0785841	-0.0828352	-0.0537734	-0.995111	0.938791	-0.339254	-0.0598145	
0.265927	-0.150538	0.869199	-0.333656	-0.939401	0.0787408	-0.0827871	-0.0540055	-0.995103	0.939053	-0.33854	-0.059751	
0.265914	-0.15057	0.869197	-0.33372	-0.939379	0.0787269	-0.0827926	-0.0539845	-0.995104	0.939029	-0.338604	-0.0597579	
0.265915	-0.150567	0.869197	-0.333714	-0.939381	0.0787281	-0.082792	-0.0539864	-0.995103	0.939032	-0.338598	-0.0597572	
0.266032	-0.141577	0.874248	-0.317999	-0.94467	0.0804703	-0.0690089	-0.0615883	-0.995713	0.945576	-0.322189	-0.0456057	
0.26593	-0.132355	0.879287	-0.301081	-0.950233	0.0800511	-0.0535894	-0.0669535	-0.996316	0.952092	-0.304262	-0.0307639	
0.265444	-0.122913	0.884389	-0.282997	-0.955973	0.0776415	-0.036574	-0.0701358	-0.996867	0.958423	-0.28495	-0.0151155	
0.264474	-0.113269	0.889543	-0.263754	-0.961791	0.0734285	-0.0182345	-0.0711389	-0.9973	0.964418	-0.26438	0.00122534	
0.262921	-0.103445	0.894736	-0.243356	-0.967579	0.067593	0.00115505	-0.0699771	-0.997548	0.969936	-0.242681	0.0181469	
0.260689	-0.0934626	0.899953	-0.221806	-0.973224	0.0603122	0.0213067	-0.0666756	-0.997547	0.974858	-0.219977	0.0355253	
0.25786	-0.0833556	0.905096	-0.199089	-0.978611	0.0518037	0.0416304	-0.0612599	-0.997253	0.979097	-0.196386	0.0529361	
0.254781	-0.0732524	0.910018	-0.175901	-0.983443	0.0435704	0.0609836	-0.0550618	-0.996619	0.982517	-0.17265	0.0696594	
0.251377	-0.0631724	0.914879	-0.152405	-0.987669	0.0358216	0.0795682	-0.0483892	-0.995654	0.98511	-0.148893	0.0859618	
0.247621	-0.0531211	0.919724	-0.128637	-0.991279	0.0285994	0.097366	-0.0413243	-0.99439	0.9869	-0.125131	0.101833	
0.245307	-0.0431178	0.921244	-0.104241	-0.994321	0.0214297	0.105988	-0.0325306	-0.993835	0.988888	-0.101327	0.108777	
0.245166	-0.0332777	0.920819	-0.0803611	-0.996642	0.0156993	0.107697	-0.0243396	-0.993886	0.990931	-0.078179	0.109291	
0.245125	-0.0236704	0.920645	-0.0584153	-0.998207	0.0130618	0.108859	-0.0193755	-0.993868	0.992339	-0.0566352	0.109795	
0.245216	-0.0142842	0.920548	-0.0383758	-0.999172	0.0134828	0.109459	-0.0176149	-0.993835	0.99325	-0.0366634	0.110045	
0.245334	-0.00510679	0.920492	-0.0201966	-0.999654	0.0168786	0.109799	-0.0189976	-0.993772	0.993749	-0.0182175	0.110145	
0.245381	0.00228541	0.92045	-0.00572421	-0.999757	0.0212843	0.110049	-0.0217852	-0.993687	0.99391	-0.00334576	0.110147	
0.245388	0.0021117	0.920443	-0.00607635	-0.999757	0.0211844	0.110019	-0.0217246	-0.993692	0.993911	-0.00370733	0.110124	
0.245388	0.00212537	0.920443	-0.00604864	-0.999757	0.0211923	0.110022	-0.0217293	-0.993692	0.993911	-0.00367888	0.110127	
0.245388	0.0021243	0.920443	-0.00605082	-0.999757	0.0211916	0.110022	-0.021729	-0.993692	0.993911	-0.00368112	0.110126	
0.245388	0.00212438	0.920443	-0.00605065	-0.999757	0.0211917	0.110022	-0.021729	-0.993692	0.993911	-0.00368094	0.110126	
0.245011	-0.00701341	0.920498	-0.023882	-0.999567	0.0172134	0.109753	-0.0197358	-0.993763	0.993672	-0.0218438	0.110177	
0.244071	-0.0162939	0.920584	-0.0430878	-0.998953	0.015377	0.109593	-0.0200243	-0.993775	0.993042	-0.0411343	0.110341	
0.242464	-0.0256956	0.920702	-0.0635683	-0.997857	0.0154836	0.109396	-0.0223889	-0.993746	0.991963	-0.0614769	0.110585	
0.240096	-0.0351959	0.920856	-0.085231	-0.996211	0.0173265	0.109001	-0.0266082	-0.993685	0.990381	-0.0828042	0.110856	
0.236884	-0.0447723	0.921049	-0.107993	-0.993936	0.0206952	0.108252	-0.0324499	-0.993594	0.98824	-0.105061	0.1111	
0.232759	-0.0544028	0.921285	-0.131784	-0.990954	0.0253784	0.107004	-0.0396729	-0.993467	0.985486	-0.128207	0.111265	
0.227764	-0.06406	0.921529	-0.156442	-0.987199	0.0310369	0.104984	-0.0478662	-0.993321	0.982092	-0.152139	0.111128	
0.222538	-0.0736656	0.921573	-0.181052	-0.982802	0.0363421	0.10133	-0.0553978	-0.993309	0.978239	-0.176158	0.109618	
0.216904	-0.0832179	0.921781	-0.205664	-0.977754	0.0412139	0.0970359	-0.0622813	-0.99333	0.9738	-0.200293	0.107686	
0.210807	-0.092706	0.922343	-0.230296	-0.972051	0.0456107	0.0932366	-0.0686958	-0.993271	0.968644	-0.224494	0.106451	
