0.320429	-0.00174875	0.876372	-0.00340201	-0.999994	-0.000712798	-0.00524635	0.000730641	-0.999986	0.99998	-0.00339822	-0.00524881	
0.321792	-0.00353715	0.87415	-0.00685946	-0.999975	-0.00144405	-0.0112862	0.00152141	-0.999935	0.999913	-0.00684272	-0.0112964	
0.323135	-0.00534009	0.871922	-0.0103354	-0.999944	-0.00217903	-0.0173228	0.00235787	-0.999847	0.999797	-0.010296	-0.0173463	
0.32446	-0.00714767	0.869688	-0.0138153	-0.9999	-0.00291163	-0.0233558	0.00323381	-0.999722	0.999632	-0.0137435	-0.0233981	
0.325767	-0.0089559	0.867448	-0.0172938	-0.999844	-0.00363902	-0.0293846	0.00414624	-0.99956	0.999419	-0.0171793	-0.0294518	
0.327055	-0.010763	0.865203	-0.0207687	-0.999775	-0.00435961	-0.035409	0.00509337	-0.99936	0.999157	-0.020601	-0.0355068	
0.328324	-0.0125683	0.862952	-0.0242389	-0.999693	-0.00507229	-0.0414286	0.00607389	-0.999123	0.998847	-0.0240075	-0.0415631	
0.329574	-0.0143712	0.860696	-0.0277043	-0.999599	-0.00577609	-0.047443	0.00708665	-0.998849	0.99849	-0.0273984	-0.0476203	
0.330449	-0.0161708	0.859192	-0.0311661	-0.999493	-0.00647867	-0.0511765	0.00806903	-0.998657	0.998203	-0.0307926	-0.0514021	
0.330379	-0.0179667	0.859179	-0.0346306	-0.999374	-0.00720304	-0.0511477	0.00897021	-0.998651	0.99809	-0.0342154	-0.0514264	
0.330291	-0.0197703	0.859179	-0.0381068	-0.999242	-0.00793223	-0.0510755	0.00987529	-0.998646	0.997968	-0.03765	-0.0514131	
0.330194	-0.0215767	0.85918	-0.041587	-0.999097	-0.00866318	-0.0509957	0.0107819	-0.998641	0.997833	-0.0410886	-0.0513981	
0.33009	-0.0233835	0.859182	-0.0450679	-0.99894	-0.00939469	-0.050909	0.0116886	-0.998635	0.997686	-0.0445281	-0.0513818	
0.329977	-0.0251898	0.859183	-0.0485481	-0.99877	-0.0101262	-0.0508153	0.0125948	-0.998629	0.997527	-0.0479669	-0.0513643	
0.329855	-0.0269952	0.859184	-0.0520269	-0.998587	-0.0108576	-0.0507147	0.0135003	-0.998622	0.997357	-0.0514046	-0.0513454	
0.329726	-0.0287995	0.859186	-0.055504	-0.998391	-0.0115887	-0.0506072	0.0144047	-0.998615	0.997175	-0.0548406	-0.0513253	
0.329588	-0.0306025	0.859187	-0.0589792	-0.998183	-0.0123194	-0.0504929	0.0153081	-0.998607	0.996981	-0.058275	-0.051304	
0.329443	-0.0324041	0.859189	-0.0624522	-0.997963	-0.0130497	-0.0503716	0.0162103	-0.998599	0.996776	-0.0617074	-0.0512813	
0.329289	-0.0342042	0.859191	-0.0659231	-0.99773	-0.0137796	-0.0502435	0.0171113	-0.99859	0.996559	-0.0651378	-0.0512574	
0.329127	-0.0360028	0.859192	-0.0693915	-0.997484	-0.0145091	-0.0501086	0.0180109	-0.998581	0.99633	-0.068566	-0.0512323	
0.328957	-0.0377996	0.859194	-0.0728574	-0.997226	-0.0152381	-0.0499668	0.0189092	-0.998572	0.99609	-0.071992	-0.0512059	
0.328779	-0.0395948	0.859196	-0.0763207	-0.996955	-0.0159665	-0.0498183	0.019806	-0.998562	0.995838	-0.0754156	-0.0511782	
0.328593	-0.0413881	0.859198	-0.0797813	-0.996673	-0.0166944	-0.049663	0.0207013	-0.998551	0.995574	-0.0788366	-0.0511493	
0.328399	-0.0431795	0.8592	-0.0832389	-0.996377	-0.0174218	-0.0495009	0.021595	-0.998541	0.995299	-0.082255	-0.0511192	
0.328197	-0.0449689	0.859203	-0.0866936	-0.99607	-0.0181486	-0.0493322	0.022487	-0.998529	0.995013	-0.0856707	-0.0510878	
0.327987	-0.0467562	0.859205	-0.090145	-0.99575	-0.0188747	-0.0491567	0.0233773	-0.998517	0.994715	-0.0890836	-0.0510552	
0.327769	-0.0485414	0.859207	-0.0935933	-0.995418	-0.0196002	-0.0489746	0.0242658	-0.998505	0.994405	-0.0924935	-0.0510213	
0.327544	-0.0503243	0.85921	-0.0970381	-0.995073	-0.020325	-0.0487859	0.0251524	-0.998493	0.994084	-0.0959003	-0.0509863	
0.32731	-0.0521049	0.859212	-0.100479	-0.994716	-0.0210492	-0.0485905	0.0260371	-0.998479	0.993752	-0.0993039	-0.05095	
0.327068	-0.0538831	0.859215	-0.103917	-0.994348	-0.0217726	-0.0483886	0.0269198	-0.998466	0.993408	-0.102704	-0.0509125	
0.326819	-0.0556589	0.859217	-0.107351	-0.993967	-0.0224953	-0.0481801	0.0278003	-0.998452	0.993053	-0.106101	-0.0508738	
0.326562	-0.057432	0.85922	-0.110781	-0.993574	-0.0232171	-0.0479651	0.0286788	-0.998437	0.992687	-0.109494	-0.050834	
0.326297	-0.0592025	0.859223	-0.114207	-0.993169	-0.0239382	-0.0477437	0.029555	-0.998422	0.992309	-0.112884	-0.0507929	
0.326024	-0.0609703	0.859226	-0.117629	-0.992751	-0.0246585	-0.0475157	0.030429	-0.998407	0.99192	-0.11627	-0.0507507	
0.325743	-0.0627353	0.859229	-0.121047	-0.992322	-0.0253779	-0.0472814	0.0313006	-0.998391	0.99152	-0.119652	-0.0507072	
0.325455	-0.0644974	0.859232	-0.12446	-0.991881	-0.0260964	-0.0470407	0.0321699	-0.998375	0.991109	-0.12303	-0.0506627	
0.32516	-0.0662566	0.859235	-0.127869	-0.991429	-0.026814	-0.0467936	0.0330366	-0.998358	0.990687	-0.126404	-0.0506169	
0.324856	-0.0680127	0.859238	-0.131273	-0.990964	-0.0275307	-0.0465403	0.0339009	-0.998341	0.990253	-0.129774	-0.05057	
0.324545	-0.0697657	0.859241	-0.134673	-0.990487	-0.0282464	-0.0462807	0.0347625	-0.998323	0.989809	-0.13314	-0.050522	
0.324227	-0.0715155	0.859245	-0.138068	-0.989999	-0.0289612	-0.0460148	0.0356215	-0.998305	0.989353	-0.136501	-0.0504728	
0.323901	-0.0732621	0.859248	-0.141458	-0.989499	-0.0296749	-0.0457428	0.0364778	-0.998287	0.988887	-0.139858	-0.0504225	
0.323568	-0.0750053	0.859252	-0.144842	-0.988988	-0.0303876	-0.0454646	0.0373313	-0.998268	0.98841	-0.14321	-0.0503711	
0.323227	-0.0767451	0.859255	-0.148222	-0.988465	-0.0310992	-0.0451803	0.0381819	-0.998249	0.987922	-0.146558	-0.0503185	
0.322878	-0.0784815	0.859259	-0.151597	-0.98793	-0.0318098	-0.0448899	0.0390297	-0.998229	0.987423	-0.1499	-0.0502649	
0.322523	-0.0802142	0.859262	-0.154966	-0.987385	-0.0325192	-0.0445935	0.0398745	-0.998209	0.986913	-0.153238	-0.0502102	
0.32216	-0.0819434	0.859266	-0.158329	-0.986827	-0.0332276	-0.0442912	0.0407163	-0.998189	0.986393	-0.156571	-0.0501543	
0.32179	-0.0836689	0.85927	-0.161687	-0.986258	-0.0339347	-0.0439829	0.041555	-0.998168	0.985861	-0.159898	-0.0500974	
0.321413	-0.0853905	0.859274	-0.165039	-0.985678	-0.0346407	-0.0436687	0.0423906	-0.998146	0.98532	-0.163221	-0.0500395	
0.321028	-0.0871084	0.859277	-0.168386	-0.985087	-0.0353454	-0.0433487	0.043223	-0.998125	0.984768	-0.166538	-0.0499804	
0.320637	-0.0888223	0.859281	-0.171726	-0.984485	-0.036049	-0.0430229	0.0440522	-0.998102	0.984205	-0.169849	-0.0499204	
0.320238	-0.0905323	0.859285	-0.175061	-0.983871	-0.0367512	-0.0426914	0.0448781	-0.99808	0.983632	-0.173156	-0.0498592	
0.319832	-0.0922382	0.859289	-0.178389	-0.983247	-0.0374522	-0.0423542	0.0457006	-0.998057	0.983048	-0.176456	-0.0497971	
0.319419	-0.09394	0.859294	-0.181711	-0.982612	-0.0381519	-0.0420113	0.0465197	-0.998034	0.982454	-0.179751	-0.0497339	
0.319	-0.0956376	0.859298	-0.185027	-0.981965	-0.0388503	-0.0416628	0.0473354	-0.99801	0.98185	-0.18304	-0.0496697	
0.318573	-0.097331	0.859302	-0.188337	-0.981308	-0.0395473	-0.0413088	0.0481476	-0.997986	0.981235	-0.186324	-0.0496046	
0.31814	-0.0990201	0.859306	-0.191639	-0.98064	-0.0402429	-0.0409492	0.0489562	-0.997961	0.980611	-0.189601	-0.0495384	
0.3177	-0.100705	0.859311	-0.194936	-0.979961	-0.0409372	-0.0405843	0.0497612	-0.997936	0.979976	-0.192872	-0.0494712	
0.317253	-0.102385	0.859315	-0.198225	-0.979272	-0.04163	-0.0402139	0.0505625	-0.997911	0.979331	-0.196137	-0.0494031	
0.316799	-0.104061	0.859319	-0.201508	-0.978572	-0.0423214	-0.0398382	0.0513601	-0.997885	0.978676	-0.199396	-0.049334	
0.316339	-0.105732	0.859324	-0.204784	-0.977862	-0.0430113	-0.0394572	0.052154	-0.997859	0.978012	-0.202648	-0.049264	
0.315872	-0.107399	0.859328	-0.208053	-0.977141	-0.0436997	-0.039071	0.0529441	-0.997833	0.977337	-0.205895	-0.0491931	
0.315398	-0.10906	0.859333	-0.211315	-0.97641	-0.0443866	-0.0386796	0.0537303	-0.997806	0.976652	-0.209134	-0.0491212	
0.314919	-0.110718	0.859337	-0.214569	-0.975668	-0.045072	-0.0382831	0.0545127	-0.997779	0.975958	-0.212367	-0.0490484	
0.314432	-0.11237	0.859342	-0.217817	-0.974917	-0.0457558	-0.0378815	0.055291	-0.997751	0.975254	-0.215594	-0.0489746	
0.313939	-0.114017	0.859347	-0.221057	-0.974155	-0.0464381	-0.0374749	0.0560654	-0.997724	0.974541	-0.218813	-0.0489	
0.31344	-0.11566	0.859351	-0.224289	-0.973383	-0.0471187	-0.0370634	0.0568358	-0.997695	0.973818	-0.222026	-0.0488245	
0.312935	-0.117297	0.859356	-0.227514	-0.972601	-0.0477977	-0.0366469	0.0576021	-0.997667	0.973085	-0.225232	-0.0487482	
0.312423	-0.11893	0.859361	-0.230732	-0.971809	-0.0484751	-0.0362257	0.0583643	-0.997638	0.972343	-0.228431	-0.0486709	
0.311905	-0.120557	0.859366	-0.233941	-0.971008	-0.0491508	-0.0357996	0.0591224	-0.997609	0.971591	-0.231622	-0.0485929	
0.311382	-0.12218	0.85937	-0.237143	-0.970196	-0.0498248	-0.0353688	0.0598762	-0.997579	0.970831	-0.234807	-0.0485139	
0.310852	-0.123797	0.859375	-0.240338	-0.969375	-0.0504972	-0.0349334	0.0606259	-0.997549	0.970061	-0.237984	-0.0484342	
0.310316	-0.125409	0.85938	-0.243524	-0.968544	-0.0511678	-0.0344933	0.0613712	-0.997519	0.969281	-0.241155	-0.0483536	
0.309774	-0.127015	0.859385	-0.246702	-0.967704	-0.0518366	-0.0340487	0.0621123	-0.997488	0.968493	-0.244317	-0.0482723	
0.309226	-0.128617	0.85939	-0.249872	-0.966854	-0.0525037	-0.0335996	0.062849	-0.997457	0.967696	-0.247472	-0.0481901	
0.308672	-0.130212	0.859395	-0.253034	-0.965995	-0.053169	-0.0331461	0.0635813	-0.997426	0.966889	-0.25062	-0.0481072	
0.308113	-0.131803	0.8594	-0.256188	-0.965127	-0.0538325	-0.0326882	0.0643092	-0.997395	0.966074	-0.25376	-0.0480235	
0.307548	-0.133388	0.859405	-0.259333	-0.964249	-0.0544941	-0.032226	0.0650327	-0.997363	0.96525	-0.256893	-0.047939	
0.306977	-0.134967	0.85941	-0.26247	-0.963363	-0.055154	-0.0317596	0.0657516	-0.99733	0.964417	-0.260018	-0.0478538	
0.306401	-0.136541	0.859415	-0.265598	-0.962467	-0.0558119	-0.031289	0.0664661	-0.997298	0.963576	-0.263134	-0.0477679	
0.305819	-0.138109	0.85942	-0.268718	-0.961562	-0.056468	-0.0308142	0.067176	-0.997265	0.962726	-0.266244	-0.0476812	
0.305231	-0.139671	0.859426	-0.27183	-0.960649	-0.0571221	-0.0303354	0.0678813	-0.997232	0.961867	-0.269345	-0.0475939	
0.304638	-0.141228	0.859431	-0.274933	-0.959726	-0.0577744	-0.0298526	0.0685821	-0.997199	0.961	-0.272438	-0.0475058	
0.30404	-0.142779	0.859436	-0.278027	-0.958795	-0.0584247	-0.0293659	0.0692782	-0.997165	0.960124	-0.275523	-0.0474171	
0.303437	-0.144324	0.859441	-0.281112	-0.957855	-0.059073	-0.0288753	0.0699696	-0.997131	0.95924	-0.2786	-0.0473276	
0.302828	-0.145863	0.859446	-0.284188	-0.956907	-0.0597194	-0.0283809	0.0706563	-0.997097	0.958348	-0.281668	-0.0472375	
0.302214	-0.147397	0.859452	-0.287256	-0.95595	-0.0603637	-0.0278827	0.0713383	-0.997062	0.957448	-0.284729	-0.0471468	
0.301595	-0.148924	0.859457	-0.290314	-0.954985	-0.0610061	-0.0273808	0.0720156	-0.997028	0.95654	-0.287781	-0.0470554	
0.300971	-0.150446	0.859462	-0.293364	-0.954011	-0.0616464	-0.0268753	0.0726881	-0.996993	0.955623	-0.290825	-0.0469634	
0.300342	-0.151961	0.859467	-0.296404	-0.953029	-0.0622847	-0.0263663	0.0733558	-0.996957	0.954699	-0.29386	-0.0468708	
0.299708	-0.15347	0.859473	-0.299436	-0.95204	-0.0629209	-0.0258538	0.0740187	-0.996922	0.953766	-0.296887	-0.0467776	
0.299069	-0.154974	0.859478	-0.302458	-0.951042	-0.063555	-0.0253378	0.0746768	-0.996886	0.952826	-0.299905	-0.0466838	
0.298425	-0.156471	0.859483	-0.30547	-0.950036	-0.064187	-0.0248184	0.0753299	-0.99685	0.951878	-0.302915	-0.0465894	
0.297776	-0.157962	0.859488	-0.308474	-0.949022	-0.064817	-0.0242957	0.0759782	-0.996813	0.950922	-0.305916	-0.0464945	
0.297123	-0.159447	0.859494	-0.311468	-0.948	-0.0654447	-0.0237698	0.0766216	-0.996777	0.949959	-0.308909	-0.046399	
0.296465	-0.160926	0.859499	-0.314453	-0.946971	-0.0660704	-0.0232407	0.0772601	-0.99674	0.948989	-0.311892	-0.046303	
0.295803	-0.162398	0.859504	-0.317428	-0.945934	-0.0666938	-0.0227085	0.0778936	-0.996703	0.94801	-0.314867	-0.0462064	
0.295137	-0.163862	0.85951	-0.320388	-0.944892	-0.0673151	-0.0221737	0.0785221	-0.996666	0.947027	-0.317827	-0.0461093	
0.294467	-0.165321	0.859515	-0.323338	-0.943842	-0.0679353	-0.0216356	0.0791466	-0.996628	0.946036	-0.320778	-0.0460117	
0.293792	-0.166774	0.85952	-0.326277	-0.942785	-0.0685543	-0.0210943	0.0797669	-0.99659	0.945039	-0.323718	-0.0459135	
0.293113	-0.168221	0.859526	-0.329206	-0.941721	-0.069172	-0.0205497	0.0803832	-0.996552	0.944035	-0.326649	-0.0458147	
0.293152	-0.168141	0.859524	-0.329043	-0.941781	-0.0691374	-0.0205846	0.0803503	-0.996554	0.944091	-0.326486	-0.0458249	
0.293149	-0.168145	0.859524	-0.329052	-0.941777	-0.0691394	-0.0205825	0.0803521	-0.996554	0.944088	-0.326495	-0.0458241	
0.29315	-0.168145	0.859524	-0.329051	-0.941778	-0.0691393	-0.0205826	0.080352	-0.996554	0.944088	-0.326494	-0.0458242	
0.29315	-0.168145	0.859524	-0.329051	-0.941778	-0.0691393	-0.0205826	0.080352	-0.996554	0.944088	-0.326494	-0.0458241	
0.29315	-0.168145	0.859524	-0.329051	-0.941778	-0.0691393	-0.0205826	0.080352	-0.996554	0.944088	-0.326494	-0.0458241	
0.29315	-0.168145	0.859524	-0.329051	-0.941778	-0.0691393	-0.0205826	0.080352	-0.996554	0.944088	-0.326494	-0.0458241	
0.29315	-0.168145	0.859524	-0.329051	-0.941778	-0.0691393	-0.0205826	0.080352	-0.996554	0.944088	-0.326494	-0.0458241	
0.29315	-0.168145	0.859524	-0.329051	-0.941778	-0.0691393	-0.0205826	0.080352	-0.996554	0.944088	-0.326494	-0.0458241	
0.29315	-0.168145	0.859524	-0.329051	-0.941778	-0.0691393	-0.0205826	0.080352	-0.996554	0.944088	-0.326494	-0.0458241	
0.29315	-0.168145	0.859524	-0.329051	-0.941778	-0.0691393	-0.0205826	0.080352	-0.996554	0.944088	-0.326494	-0.0458241	
0.29315	-0.168145	0.859524	-0.329051	-0.941778	-0.0691393	-0.0205826	0.080352	-0.996554	0.944088	-0.326494	-0.0458241	
0.29315	-0.168145	0.859524	-0.329051	-0.941778	-0.0691393	-0.0205826	0.080352	-0.996554	0.944088	-0.326494	-0.0458241	
0.29315	-0.168145	0.859524	-0.329051	-0.941778	-0.0691393	-0.0205826	0.080352	-0.996554	0.944088	-0.326494	-0.0458241	
0.29315	-0.168145	0.859524	-0.329051	-0.941778	-0.0691393	-0.0205826	0.080352	-0.996554	0.944088	-0.326494	-0.0458241	
0.29315	-0.168145	0.859524	-0.329051	-0.941778	-0.0691393	-0.0205826	0.080352	-0.996554	0.944088	-0.326494	-0.0458241	
0.29315	-0.168145	0.859524	-0.329051	-0.941778	-0.0691393	-0.0205826	0.080352	-0.996554	0.944088	-0.326494	-0.0458241	
0.29315	-0.168145	0.859524	-0.329051	-0.941778	-0.0691393	-0.0205826	0.080352	-0.996554	0.944088	-0.326494	-0.0458241	
0.29315	-0.168145	0.859524	-0.329051	-0.941778	-0.0691393	-0.0205826	0.080352	-0.996554	0.944088	-0.326494	-0.0458241	
0.29315	-0.168145	0.859524	-0.329051	-0.941778	-0.0691393	-0.0205826	0.080352	-0.996554	0.944088	-0.326494	-0.0458241	
0.29315	-0.168145	0.859524	-0.329051	-0.941778	-0.0691393	-0.0205826	0.080352	-0.996554	0.944088	-0.326494	-0.0458241	
0.29315	-0.168145	0.859524	-0.329051	-0.941778	-0.0691393	-0.0205826	0.080352	-0.996554	0.944088	-0.326494	-0.0458241	
0.29315	-0.168145	0.859524	-0.329051	-0.941778	-0.0691393	-0.0205826	0.080352	-0.996554	0.944088	-0.326494	-0.0458241	
0.29315	-0.168145	0.859524	-0.329051	-0.941778	-0.0691393	-0.0205826	0.080352	-0.996554	0.944088	-0.326494	-0.0458241	
0.29315	-0.168145	0.859524	-0.329051	-0.941778	-0.0691393	-0.0205826	0.080352	-0.996554	0.944088	-0.326494	-0.0458241	
0.29315	-0.168145	0.859524	-0.329051	-0.941778	-0.0691393	-0.0205826	0.080352	-0.996554	0.944088	-0.326494	-0.0458241	
0.29315	-0.168145	0.859524	-0.329051	-0.941778	-0.0691393	-0.0205826	0.080352	-0.996554	0.944088	-0.326494	-0.0458241	
0.29315	-0.168145	0.859524	-0.329051	-0.941778	-0.0691393	-0.0205826	0.080352	-0.996554	0.944088	-0.326494	-0.0458241	
0.29315	-0.168145	0.859524	-0.329051	-0.941778	-0.0691393	-0.0205826	0.080352	-0.996554	0.944088	-0.326494	-0.0458241	
0.29315	-0.168145	0.859524	-0.329051	-0.941778	-0.0691393	-0.0205826	0.080352	-0.996554	0.944088	-0.326494	-0.0458241	
0.29315	-0.168145	0.859524	-0.329051	-0.941778	-0.0691393	-0.0205826	0.080352	-0.996554	0.944088	-0.326494	-0.0458241	
0.29315	-0.168145	0.859524	-0.329051	-0.941778	-0.0691393	-0.0205826	0.080352	-0.996554	0.944088	-0.326494	-0.0458241	
0.29315	-0.168145	0.859524	-0.329051	-0.941778	-0.0691393	-0.0205826	0.080352	-0.996554	0.944088	-0.326494	-0.0458241	
0.29315	-0.168145	0.859524	-0.329051	-0.941778	-0.0691393	-0.0205826	0.080352	-0.996554	0.944088	-0.326494	-0.0458241	
0.29315	-0.168145	0.859524	-0.329051	-0.941778	-0.0691393	-0.0205826	0.080352	-0.996554	0.944088	-0.326494	-0.0458241	
0.29315	-0.168145	0.859524	-0.329051	-0.941778	-0.0691393	-0.0205826	0.080352	-0.996554	0.944088	-0.326494	-0.0458241	
0.29315	-0.168145	0.859524	-0.329051	-0.941778	-0.0691393	-0.0205826	0.080352	-0.996554	0.944088	-0.326494	-0.0458241	
0.29315	-0.168145	0.859524	-0.329051	-0.941778	-0.0691393	-0.0205826	0.080352	-0.996554	0.944088	-0.326494	-0.0458241	
0.29315	-0.168145	0.859524	-0.329051	-0.941778	-0.0691393	-0.0205826	0.080352	-0.996554	0.944088	-0.326494	-0.0458241	
0.29315	-0.168145	0.859524	-0.329051	-0.941778	-0.0691393	-0.0205826	0.080352	-0.996554	0.944088	-0.326494	-0.0458241	
0.29315	-0.168145	0.859524	-0.329051	-0.941778	-0.0691393	-0.0205826	0.080352	-0.996554	0.944088	-0.326494	-0.0458241	
0.29315	-0.168145	0.859524	-0.329051	-0.941778	-0.0691393	-0.0205826	0.080352	-0.996554	0.944088	-0.326494	-0.0458241	
0.29315	-0.168145	0.859524	-0.329051	-0.941778	-0.0691393	-0.0205826	0.080352	-0.996554	0.944088	-0.326494	-0.0458241	
0.29315	-0.168145	0.859524	-0.329051	-0.941778	-0.0691393	-0.0205826	0.080352	-0.996554	0.944088	-0.326494	-0.0458241	
0.29315	-0.168145	0.859524	-0.329051	-0.941778	-0.0691393	-0.0205826	0.080352	-0.996554	0.944088	-0.326494	-0.0458241	
0.29315	-0.168145	0.859524	-0.329051	-0.941778	-0.0691393	-0.0205826	0.080352	-0.996554	0.944088	-0.326494	-0.0458241	
0.29315	-0.168145	0.859524	-0.329051	-0.941778	-0.0691393	-0.0205826	0.080352	-0.996554	0.944088	-0.326494	-0.0458241	
0.29315	-0.168145	0.859524	-0.329051	-0.941778	-0.0691393	-0.0205826	0.080352	-0.996554	0.944088	-0.326494	-0.0458241	
0.29315	-0.168145	0.859524	-0.329051	-0.941778	-0.0691393	-0.0205826	0.080352	-0.996554	0.944088	-0.326494	-0.0458241	
0.29315	-0.168145	0.859524	-0.329051	-0.941778	-0.0691393	-0.0205826	0.080352	-0.996554	0.944088	-0.326494	-0.0458241	
0.29315	-0.168145	0.859524	-0.329051	-0.941778	-0.0691393	-0.0205826	0.080352	-0.996554	0.944088	-0.326494	-0.0458241	
0.29315	-0.168145	0.859524	-0.329051	-0.941778	-0.0691393	-0.0205826	0.080352	-0.996554	0.944088	-0.326494	-0.0458241	
0.29315	-0.168145	0.859524	-0.329051	-0.941778	-0.0691393	-0.0205826	0.080352	-0.996554	0.944088	-0.326494	-0.0458241	
0.29315	-0.168145	0.859524	-0.329051	-0.941778	-0.0691393	-0.0205826	0.080352	-0.996554	0.944088	-0.326494	-0.0458241	
0.29315	-0.168145	0.859524	-0.329051	-0.941778	-0.0691393	-0.0205826	0.080352	-0.996554	0.944088	-0.326494	-0.0458241	
0.29315	-0.168145	0.859524	-0.329051	-0.941778	-0.0691393	-0.0205826	0.080352	-0.996554	0.944088	-0.326494	-0.0458241	
0.29315	-0.168145	0.859524	-0.329051	-0.941778	-0.0691393	-0.0205826	0.080352	-0.996554	0.944088	-0.326494	-0.0458241	
0.29315	-0.168145	0.859524	-0.329051	-0.941778	-0.0691393	-0.0205826	0.080352	-0.996554	0.944088	-0.326494	-0.0458241	
0.29315	-0.168145	0.859524	-0.329051	-0.941778	-0.0691393	-0.0205826	0.080352	-0.996554	0.944088	-0.326494	-0.0458241	
0.29315	-0.168145	0.859524	-0.329051	-0.941778	-0.0691393	-0.0205826	0.080352	-0.996554	0.944088	-0.326494	-0.0458241	
0.29315	-0.168145	0.859524	-0.329051	-0.941778	-0.0691393	-0.0205826	0.080352	-0.996554	0.944088	-0.326494	-0.0458241	
0.29315	-0.168145	0.859524	-0.329051	-0.941778	-0.0691393	-0.0205826	0.080352	-0.996554	0.944088	-0.326494	-0.0458241	
0.29315	-0.168145	0.859524	-0.329051	-0.941778	-0.0691393	-0.0205826	0.080352	-0.996554	0.944088	-0.326494	-0.0458241	
0.29315	-0.168145	0.859524	-0.329051	-0.941778	-0.0691393	-0.0205826	0.080352	-0.996554	0.944088	-0.326494	-0.0458241	
0.29315	-0.168145	0.859524	-0.329051	-0.941778	-0.0691393	-0.0205826	0.080352	-0.996554	0.944088	-0.326494	-0.0458241	
0.29315	-0.168145	0.859524	-0.329051	-0.941778	-0.0691393	-0.0205826	0.080352	-0.996554	0.944088	-0.326494	-0.0458241	
0.29315	-0.168145	0.859524	-0.329051	-0.941778	-0.0691393	-0.0205826	0.080352	-0.996554	0.944088	-0.326494	-0.0458241	
0.29315	-0.168145	0.859524	-0.329051	-0.941778	-0.0691393	-0.0205826	0.080352	-0.996554	0.944088	-0.326494	-0.0458241	
0.29315	-0.168145	0.859524	-0.329051	-0.941778	-0.0691393	-0.0205826	0.080352	-0.996554	0.944088	-0.326494	-0.0458241	
0.29315	-0.168145	0.859524	-0.329051	-0.941778	-0.0691393	-0.0205826	0.080352	-0.996554	0.944088	-0.326494	-0.0458241	
0.29315	-0.168145	0.859524	-0.329051	-0.941778	-0.0691393	-0.0205826	0.080352	-0.996554	0.944088	-0.326494	-0.0458241	
0.29315	-0.168145	0.859524	-0.329051	-0.941778	-0.0691393	-0.0205826	0.080352	-0.996554	0.944088	-0.326494	-0.0458241	
0.29315	-0.168145	0.859524	-0.329051	-0.941778	-0.0691393	-0.0205826	0.080352	-0.996554	0.944088	-0.326494	-0.0458241	
0.29315	-0.168145	0.859524	-0.329051	-0.941778	-0.0691393	-0.0205826	0.080352	-0.996554	0.944088	-0.326494	-0.0458241	
0.29315	-0.168145	0.859524	-0.329051	-0.941778	-0.0691393	-0.0205826	0.080352	-0.996554	0.944088	-0.326494	-0.0458241	
0.29315	-0.168145	0.859524	-0.329051	-0.941778	-0.0691393	-0.0205826	0.080352	-0.996554	0.944088	-0.326494	-0.0458241	
0.29315	-0.168145	0.859524	-0.329051	-0.941778	-0.0691393	-0.0205826	0.080352	-0.996554	0.944088	-0.326494	-0.0458241	
0.29315	-0.168145	0.859524	-0.329051	-0.941778	-0.0691393	-0.0205826	0.080352	-0.996554	0.944088	-0.326494	-0.0458241	
0.29315	-0.168145	0.859524	-0.329051	-0.941778	-0.0691393	-0.0205826	0.080352	-0.996554	0.944088	-0.326494	-0.0458241	
0.29315	-0.168145	0.859524	-0.329051	-0.941778	-0.0691393	-0.0205826	0.080352	-0.996554	0.944088	-0.326494	-0.0458241	
0.29315	-0.168145	0.859524	-0.329051	-0.941778	-0.0691393	-0.0205826	0.080352	-0.996554	0.944088	-0.326494	-0.0458241	
0.29315	-0.168145	0.859524	-0.329051	-0.941778	-0.0691393	-0.0205826	0.080352	-0.996554	0.944088	-0.326494	-0.0458241	
0.29315	-0.168145	0.859524	-0.329051	-0.941778	-0.0691393	-0.0205826	0.080352	-0.996554	0.944088	-0.326494	-0.0458241	
0.29315	-0.168145	0.859524	-0.329051	-0.941778	-0.0691393	-0.0205826	0.080352	-0.996554	0.944088	-0.326494	-0.0458241	
0.29315	-0.168145	0.859524	-0.329051	-0.941778	-0.0691393	-0.0205826	0.080352	-0.996554	0.944088	-0.326494	-0.0458241	
0.29315	-0.168145	0.859524	-0.329051	-0.941778	-0.0691393	-0.0205826	0.080352	-0.996554	0.944088	-0.326494	-0.0458241	
0.29315	-0.168145	0.859524	-0.329051	-0.941778	-0.0691393	-0.0205826	0.080352	-0.996554	0.944088	-0.326494	-0.0458241	
0.29315	-0.168145	0.859524	-0.329051	-0.941778	-0.0691393	-0.0205826	0.080352	-0.996554	0.944088	-0.326494	-0.0458241	
0.29315	-0.168145	0.859524	-0.329051	-0.941778	-0.0691393	-0.0205826	0.080352	-0.996554	0.944088	-0.326494	-0.0458241	
0.29315	-0.168145	0.859524	-0.329051	-0.941778	-0.0691393	-0.0205826	0.080352	-0.996554	0.944088	-0.326494	-0.0458241	
0.29315	-0.168145	0.859524	-0.329051	-0.941778	-0.0691393	-0.0205826	0.080352	-0.996554	0.944088	-0.326494	-0.0458241	
0.29315	-0.168145	0.859524	-0.329051	-0.941778	-0.0691393	-0.0205826	0.080352	-0.996554	0.944088	-0.326494	-0.0458241	
0.29315	-0.168145	0.859524	-0.329051	-0.941778	-0.0691393	-0.0205826	0.080352	-0.996554	0.944088	-0.326494	-0.0458241	
0.29315	-0.168145	0.859524	-0.329051	-0.941778	-0.0691393	-0.0205826	0.080352	-0.996554	0.944088	-0.326494	-0.0458241	
0.29315	-0.168145	0.859524	-0.329051	-0.941778	-0.0691393	-0.0205826	0.080352	-0.996554	0.944088	-0.326494	-0.0458241	
0.29315	-0.168145	0.859524	-0.329051	-0.941778	-0.0691393	-0.0205826	0.080352	-0.996554	0.944088	-0.326494	-0.0458241	
0.29315	-0.168145	0.859524	-0.329051	-0.941778	-0.0691393	-0.0205826	0.080352	-0.996554	0.944088	-0.326494	-0.0458241	
0.29315	-0.168145	0.859524	-0.329051	-0.941778	-0.0691393	-0.0205826	0.080352	-0.996554	0.944088	-0.326494	-0.0458241	
0.29315	-0.168145	0.859524	-0.329051	-0.941778	-0.0691393	-0.0205826	0.080352	-0.996554	0.944088	-0.326494	-0.0458241	
0.29315	-0.168145	0.859524	-0.329051	-0.941778	-0.0691393	-0.0205826	0.080352	-0.996554	0.944088	-0.326494	-0.0458241	
0.29315	-0.168145	0.859524	-0.329051	-0.941778	-0.0691393	-0.0205826	0.080352	-0.996554	0.944088	-0.326494	-0.0458241	
0.293445	-0.166533	0.860187	-0.325917	-0.94291	-0.0685472	-0.0195362	0.0792078	-0.996667	0.945197	-0.323491	-0.044236	
0.293746	-0.164954	0.860811	-0.322827	-0.944014	-0.0679667	-0.0185662	0.0781142	-0.996772	0.946276	-0.320523	-0.0427442	
0.294033	-0.163382	0.861438	-0.319748	-0.945103	-0.06739	-0.017577	0.0770281	-0.996874	0.94734	-0.317564	-0.0412417	
0.294312	-0.161809	0.862065	-0.316668	-0.946181	-0.0668121	-0.0165776	0.0759469	-0.996974	0.948392	-0.314602	-0.0397353	
0.294583	-0.160233	0.862694	-0.313582	-0.947248	-0.0662314	-0.0155686	0.0748689	-0.997072	0.949433	-0.311633	-0.0382249	
0.294847	-0.158654	0.863324	-0.31049	-0.948307	-0.0656471	-0.0145505	0.0737936	-0.997167	0.950465	-0.308655	-0.0367105	
0.295104	-0.157069	0.863956	-0.307391	-0.949357	-0.0650592	-0.0135234	0.0727207	-0.997261	0.951487	-0.305669	-0.0351922	
0.295354	-0.155481	0.864588	-0.304284	-0.950397	-0.0644674	-0.0124874	0.0716504	-0.997352	0.9525	-0.302673	-0.0336701	
0.295596	-0.153887	0.865221	-0.30117	-0.951429	-0.0638718	-0.0114426	0.0705827	-0.99744	0.953502	-0.299668	-0.0321442	
0.295832	-0.152289	0.865855	-0.298048	-0.952451	-0.0632723	-0.0103889	0.0695176	-0.997527	0.954494	-0.296654	-0.0306145	
0.29606	-0.150687	0.86649	-0.29492	-0.953465	-0.0626689	-0.00932635	0.0684553	-0.997611	0.955476	-0.293631	-0.0290812	
0.296282	-0.14908	0.867126	-0.291784	-0.954469	-0.0620617	-0.00825503	0.0673958	-0.997692	0.956449	-0.290598	-0.0275442	
0.296496	-0.147469	0.867763	-0.288641	-0.955463	-0.0614506	-0.00717494	0.0663392	-0.997771	0.95741	-0.287557	-0.0260036	
0.296702	-0.145854	0.8684	-0.285492	-0.956448	-0.0608358	-0.0060861	0.0652857	-0.997848	0.958362	-0.284507	-0.0244596	
0.296901	-0.144235	0.869039	-0.282335	-0.957424	-0.060217	-0.00498854	0.0642352	-0.997922	0.959303	-0.281448	-0.022912	
0.297093	-0.142611	0.869678	-0.279172	-0.95839	-0.0595945	-0.0038823	0.063188	-0.997994	0.960233	-0.27838	-0.0213611	
0.297278	-0.140983	0.870318	-0.276002	-0.959347	-0.0589682	-0.00276739	0.0621441	-0.998063	0.961153	-0.275304	-0.0198068	
0.297454	-0.139352	0.870959	-0.272825	-0.960293	-0.058338	-0.00164386	0.0611036	-0.99813	0.962062	-0.272219	-0.0182492	
0.297624	-0.137716	0.871601	-0.269642	-0.96123	-0.0577041	-0.000511728	0.0600666	-0.998194	0.96296	-0.269126	-0.0166884	
0.297785	-0.136077	0.872243	-0.266453	-0.962157	-0.0570664	0.000628961	0.0590332	-0.998256	0.963848	-0.266024	-0.0151244	
0.297939	-0.134433	0.872886	-0.263257	-0.963074	-0.0564249	0.00177817	0.0580035	-0.998315	0.964724	-0.262914	-0.0135573	
0.298086	-0.132786	0.873529	-0.260056	-0.963981	-0.0557796	0.00293587	0.0569775	-0.998371	0.965589	-0.259796	-0.0119872	
0.298224	-0.131136	0.874173	-0.256848	-0.964878	-0.0551306	0.00410201	0.0559555	-0.998425	0.966443	-0.25667	-0.0104141	
0.298355	-0.129481	0.874818	-0.253634	-0.965765	-0.0544779	0.00527656	0.0549374	-0.998476	0.967286	-0.253535	-0.00883809	
0.298478	-0.127824	0.875463	-0.250415	-0.966641	-0.0538215	0.00645946	0.0539233	-0.998524	0.968117	-0.250393	-0.00725921	
0.298593	-0.126163	0.876108	-0.24719	-0.967508	-0.0531613	0.00765069	0.0529134	-0.99857	0.968937	-0.247243	-0.00567754	
0.298701	-0.124498	0.876754	-0.243959	-0.968364	-0.0524975	0.00885018	0.0519077	-0.998613	0.969745	-0.244085	-0.00409316	
0.2988	-0.12283	0.8774	-0.240722	-0.969209	-0.05183	0.0100579	0.0509064	-0.998653	0.970542	-0.240919	-0.00250611	
0.298892	-0.121159	0.878047	-0.237481	-0.970044	-0.0511588	0.0112738	0.0499096	-0.99869	0.971327	-0.237746	-0.000916482	
0.298975	-0.119485	0.878694	-0.234234	-0.970869	-0.050484	0.0124978	0.0489172	-0.998725	0.9721	-0.234566	0.000675672	
0.299051	-0.117808	0.879342	-0.230982	-0.971683	-0.0498055	0.0137299	0.0479295	-0.998756	0.972861	-0.231378	0.00227028	
0.299118	-0.116128	0.879989	-0.227724	-0.972486	-0.0491235	0.01497	0.0469465	-0.998785	0.973611	-0.228183	0.00386727	
0.299177	-0.114445	0.880637	-0.224462	-0.973278	-0.0484378	0.0162181	0.0459682	-0.998811	0.974348	-0.224981	0.00546658	
0.299229	-0.112759	0.881285	-0.221195	-0.97406	-0.0477486	0.0174741	0.0449949	-0.998834	0.975073	-0.221772	0.00706813	
0.299272	-0.11107	0.881933	-0.217924	-0.974831	-0.0470558	0.0187379	0.0440266	-0.998855	0.975786	-0.218556	0.00867185	
0.299306	-0.109379	0.882582	-0.214647	-0.975591	-0.0463595	0.0200095	0.0430633	-0.998872	0.976487	-0.215333	0.0102777	
0.299333	-0.107685	0.88323	-0.211366	-0.97634	-0.0456596	0.0212889	0.0421053	-0.998886	0.977175	-0.212103	0.0118855	
0.299352	-0.105988	0.883879	-0.208081	-0.977078	-0.0449563	0.0225759	0.0411524	-0.998898	0.977851	-0.208867	0.0134954	
0.299362	-0.10429	0.884527	-0.204792	-0.977805	-0.0442495	0.0238705	0.0402049	-0.998906	0.978514	-0.205624	0.0151071	
0.299364	-0.102589	0.885176	-0.201499	-0.978521	-0.0435392	0.0251727	0.0392629	-0.998912	0.979165	-0.202375	0.0167206	
0.299357	-0.100885	0.885825	-0.198201	-0.979225	-0.0428255	0.0264823	0.0383264	-0.998914	0.979804	-0.19912	0.0183358	
0.299343	-0.0991796	0.886473	-0.1949	-0.979919	-0.0421084	0.0277993	0.0373955	-0.998914	0.980429	-0.195859	0.0199527	
0.29932	-0.097472	0.887121	-0.191595	-0.980601	-0.0413878	0.0291237	0.0364703	-0.99891	0.981042	-0.192591	0.0215712	
0.299288	-0.0957624	0.887769	-0.188286	-0.981272	-0.040664	0.0304553	0.0355509	-0.998904	0.981642	-0.189318	0.0231913	
0.299249	-0.0940508	0.888417	-0.184974	-0.981932	-0.0399367	0.0317942	0.0346373	-0.998894	0.982229	-0.186039	0.0248127	
0.2992	-0.0923375	0.889065	-0.181658	-0.98258	-0.0392062	0.0331401	0.0337297	-0.998881	0.982803	-0.182754	0.0264355	
0.299144	-0.0906223	0.889713	-0.178339	-0.983217	-0.0384723	0.0344931	0.0328282	-0.998866	0.983364	-0.179464	0.0280596	
0.299079	-0.0889056	0.89036	-0.175017	-0.983842	-0.0377352	0.035853	0.0319328	-0.998847	0.983912	-0.176168	0.0296849	
0.299005	-0.0871872	0.891007	-0.171692	-0.984456	-0.0369948	0.0372198	0.0310436	-0.998825	0.984447	-0.172867	0.0313114	
0.298923	-0.0854674	0.891653	-0.168364	-0.985058	-0.0362513	0.0385935	0.0301607	-0.9988	0.984969	-0.169561	0.0329388	
0.298833	-0.0837462	0.8923	-0.165033	-0.985649	-0.0355045	0.0399738	0.0292841	-0.998772	0.985478	-0.16625	0.0345673	
0.298734	-0.0820237	0.892945	-0.1617	-0.986228	-0.0347546	0.0413608	0.0284141	-0.99874	0.985973	-0.162933	0.0361967	
0.298627	-0.0802999	0.89359	-0.158364	-0.986795	-0.0340015	0.0427544	0.0275505	-0.998706	0.986455	-0.159613	0.0378268	
0.298511	-0.0785751	0.894235	-0.155026	-0.987351	-0.0332453	0.0441544	0.0266936	-0.998668	0.986923	-0.156287	0.0394577	
0.298386	-0.0768492	0.894879	-0.151685	-0.987895	-0.0324861	0.0455609	0.0258434	-0.998627	0.987378	-0.152957	0.0410893	
0.298253	-0.0751223	0.895523	-0.148342	-0.988427	-0.0317237	0.0469736	0.0249999	-0.998583	0.98782	-0.149622	0.0427215	
0.298112	-0.0733946	0.896166	-0.144998	-0.988948	-0.0309584	0.0483926	0.0241633	-0.998536	0.988248	-0.146283	0.0443541	
0.297962	-0.0716661	0.896808	-0.141651	-0.989456	-0.0301901	0.0498177	0.0233337	-0.998486	0.988662	-0.14294	0.0459872	
0.297803	-0.0699369	0.89745	-0.138303	-0.989953	-0.0294188	0.0512488	0.022511	-0.998432	0.989063	-0.139594	0.0476206	
0.297636	-0.0682071	0.898091	-0.134953	-0.990438	-0.0286446	0.0526859	0.0216954	-0.998375	0.98945	-0.136243	0.0492542	
0.297461	-0.0664768	0.898731	-0.131601	-0.990911	-0.0278675	0.0541288	0.020887	-0.998315	0.989824	-0.132888	0.0508881	
0.297277	-0.0647462	0.89937	-0.128248	-0.991372	-0.0270875	0.0555775	0.0200857	-0.998252	0.990184	-0.12953	0.052522	
0.297084	-0.0630151	0.900009	-0.124894	-0.991821	-0.0263047	0.0570319	0.0192918	-0.998186	0.99053	-0.126168	0.054156	
0.296883	-0.0612839	0.900646	-0.121539	-0.992259	-0.0255191	0.0584918	0.0185052	-0.998116	0.990862	-0.122803	0.0557899	
0.296673	-0.0595525	0.901283	-0.118183	-0.992684	-0.0247307	0.0599572	0.0177261	-0.998044	0.99118	-0.119435	0.0574236	
0.296455	-0.0578211	0.901919	-0.114826	-0.993097	-0.0239396	0.061428	0.0169545	-0.997968	0.991485	-0.116063	0.0590571	
0.296228	-0.0560897	0.902554	-0.111469	-0.993498	-0.0231458	0.062904	0.0161904	-0.997888	0.991775	-0.112689	0.0606904	
0.295993	-0.0543584	0.903188	-0.10811	-0.993888	-0.0223493	0.0643853	0.0154339	-0.997806	0.992052	-0.109312	0.0623232	
0.295749	-0.0526274	0.90382	-0.104751	-0.994265	-0.0215502	0.0658716	0.0146852	-0.99772	0.992314	-0.105932	0.0639555	
0.295497	-0.0508966	0.904452	-0.101392	-0.99463	-0.0207485	0.0673629	0.0139442	-0.997631	0.992563	-0.10255	0.0655873	
0.295237	-0.0491663	0.905083	-0.0980331	-0.994983	-0.0199443	0.0688591	0.013211	-0.997539	0.992798	-0.0991652	0.0672185	
0.294967	-0.0474365	0.905712	-0.0946737	-0.995324	-0.0191375	0.07036	0.0124857	-0.997444	0.993019	-0.0957782	0.068849	
0.29469	-0.0457072	0.906341	-0.0913144	-0.995653	-0.0183283	0.0718656	0.0117684	-0.997345	0.993226	-0.0923891	0.0704787	
0.294404	-0.0439787	0.906968	-0.0879553	-0.99597	-0.0175166	0.0733758	0.011059	-0.997243	0.993418	-0.0889981	0.0721074	
0.294109	-0.0422509	0.907593	-0.0845964	-0.996275	-0.0167024	0.0748905	0.0103577	-0.997138	0.993597	-0.0856052	0.0737353	
0.293807	-0.0405239	0.908218	-0.081238	-0.996568	-0.0158859	0.0764095	0.00966458	-0.99703	0.993762	-0.0822106	0.0753621	
0.293495	-0.0387979	0.908841	-0.0778802	-0.996849	-0.0150671	0.0779327	0.00897957	-0.996918	0.993912	-0.0788144	0.0769878	
0.293176	-0.037073	0.909463	-0.074523	-0.997118	-0.014246	0.0794601	0.00830279	-0.996803	0.994048	-0.0754168	0.0786123	
0.292848	-0.0353491	0.910084	-0.0711667	-0.997374	-0.0134226	0.0809915	0.00763429	-0.996686	0.994171	-0.072018	0.0802355	
0.292512	-0.0336265	0.910703	-0.0678113	-0.997619	-0.012597	0.0825268	0.00697411	-0.996564	0.994279	-0.068618	0.0818574	
0.292167	-0.0319052	0.91132	-0.064457	-0.997851	-0.0117693	0.084066	0.00632231	-0.99644	0.994373	-0.0652169	0.0834778	
0.291814	-0.0301853	0.911936	-0.0611039	-0.998071	-0.0109394	0.0856089	0.00567893	-0.996313	0.994453	-0.0618151	0.0850967	
0.291453	-0.0284669	0.912551	-0.0577521	-0.99828	-0.0101073	0.0871553	0.00504403	-0.996182	0.994519	-0.0584125	0.0867141	
0.291084	-0.02675	0.913164	-0.0544017	-0.998476	-0.00927328	0.0887052	0.00441764	-0.996048	0.994571	-0.0550093	0.0883297	
0.290707	-0.0250348	0.913776	-0.0510529	-0.99866	-0.00843719	0.0902586	0.00379982	-0.995911	0.994609	-0.0516057	0.0899436	
0.290321	-0.0233214	0.914386	-0.0477058	-0.998833	-0.00759914	0.0918151	0.00319061	-0.995771	0.994633	-0.0482018	0.0915557	
0.289927	-0.0216098	0.914994	-0.0443605	-0.998993	-0.00675914	0.0933748	0.00259004	-0.995628	0.994642	-0.0447977	0.0931659	
0.289525	-0.0199001	0.915601	-0.0410172	-0.999141	-0.00591726	0.0949376	0.00199816	-0.995481	0.994638	-0.0413936	0.0947741	
0.289116	-0.0181924	0.916206	-0.0376759	-0.999277	-0.00507352	0.0965033	0.00141501	-0.995332	0.994619	-0.0379896	0.0963802	
0.288698	-0.0164869	0.916809	-0.0343368	-0.999401	-0.00422798	0.0980718	0.000840629	-0.995179	0.994587	-0.0345859	0.0979842	
0.288272	-0.0147835	0.91741	-0.031	-0.999514	-0.00338067	0.099643	0.000275049	-0.995023	0.99454	-0.0311826	0.099586	
0.287838	-0.0130824	0.91801	-0.0276656	-0.999614	-0.00253164	0.101217	-0.000281694	-0.994864	0.99448	-0.0277798	0.101186	
0.287396	-0.0113836	0.918608	-0.0243338	-0.999702	-0.00168093	0.102793	-0.000829564	-0.994702	0.994405	-0.0243777	0.102783	
0.286946	-0.00968733	0.919204	-0.0210046	-0.999779	-0.000828588	0.104372	-0.00136853	-0.994537	0.994317	-0.0209764	0.104377	
0.286489	-0.00799355	0.919798	-0.0176783	-0.999844	2.53508e-05	0.105952	-0.00189856	-0.994369	0.994214	-0.017576	0.10597	
0.286023	-0.00630239	0.92039	-0.0143548	-0.999897	0.000880839	0.107535	-0.00241963	-0.994198	0.994098	-0.0141768	0.107559	
0.28555	-0.00461391	0.920981	-0.0110343	-0.999938	0.00173783	0.10912	-0.0029317	-0.994024	0.993967	-0.0107787	0.109146	
0.285069	-0.00292822	0.921569	-0.00771694	-0.999967	0.00259629	0.110707	-0.00343475	-0.993847	0.993823	-0.00738203	0.11073	
0.28458	-0.00124538	0.922156	-0.00440284	-0.999984	0.00345616	0.112296	-0.00392875	-0.993667	0.993665	-0.00398684	0.112312	
0.284084	0.000434509	0.92274	-0.0010921	-0.99999	0.0043174	0.113886	-0.00441369	-0.993484	0.993493	-0.000593288	0.11389	
0.284105	0.000377318	0.922715	-0.00120501	-0.99999	0.00428815	0.113819	-0.00439744	-0.993492	0.993501	-0.000709088	0.113824	
0.284104	0.00037953	0.922717	-0.00120064	-0.99999	0.00428928	0.113822	-0.00439807	-0.993491	0.9935	-0.000704609	0.113826	
0.284104	0.000379445	0.922716	-0.00120081	-0.99999	0.00428924	0.113822	-0.00439805	-0.993491	0.9935	-0.000704782	0.113826	
0.284104	0.000379448	0.922716	-0.0012008	-0.99999	0.00428924	0.113822	-0.00439805	-0.993491	0.9935	-0.000704775	0.113826	
0.284104	0.000379448	0.922716	-0.0012008	-0.99999	0.00428924	0.113822	-0.00439805	-0.993491	0.9935	-0.000704776	0.113826	
0.284104	0.000379448	0.922716	-0.0012008	-0.99999	0.00428924	0.113822	-0.00439805	-0.993491	0.9935	-0.000704776	0.113826	
0.284104	0.000379448	0.922716	-0.0012008	-0.99999	0.00428924	0.113822	-0.00439805	-0.993491	0.9935	-0.000704776	0.113826	
0.284104	0.000379448	0.922716	-0.0012008	-0.99999	0.00428924	0.113822	-0.00439805	-0.993491	0.9935	-0.000704776	0.113826	
0.284104	0.000379448	0.922716	-0.0012008	-0.99999	0.00428924	0.113822	-0.00439805	-0.993491	0.9935	-0.000704776	0.113826	
0.284104	0.000379448	0.922716	-0.0012008	-0.99999	0.00428924	0.113822	-0.00439805	-0.993491	0.9935	-0.000704776	0.113826	
0.284104	0.000379448	0.922716	-0.0012008	-0.99999	0.00428924	0.113822	-0.00439805	-0.993491	0.9935	-0.000704776	0.113826	
0.284104	0.000379448	0.922716	-0.0012008	-0.99999	0.00428924	0.113822	-0.00439805	-0.993491	0.9935	-0.000704776	0.113826	
0.284104	0.000379448	0.922716	-0.0012008	-0.99999	0.00428924	0.113822	-0.00439805	-0.993491	0.9935	-0.000704776	0.113826	
0.284104	0.000379448	0.922716	-0.0012008	-0.99999	0.00428924	0.113822	-0.00439805	-0.993491	0.9935	-0.000704776	0.113826	
0.284104	0.000379448	0.922716	-0.0012008	-0.99999	0.00428924	0.113822	-0.00439805	-0.993491	0.9935	-0.000704776	0.113826	
0.284104	0.000379448	0.922716	-0.0012008	-0.99999	0.00428924	0.113822	-0.00439805	-0.993491	0.9935	-0.000704776	0.113826	
0.284104	0.000379448	0.922716	-0.0012008	-0.99999	0.00428924	0.113822	-0.00439805	-0.993491	0.9935	-0.000704776	0.113826	
0.284104	0.000379448	0.922716	-0.0012008	-0.99999	0.00428924	0.113822	-0.00439805	-0.993491	0.9935	-0.000704776	0.113826	
0.284104	0.000379448	0.922716	-0.0012008	-0.99999	0.00428924	0.113822	-0.00439805	-0.993491	0.9935	-0.000704776	0.113826	
0.284104	0.000379448	0.922716	-0.0012008	-0.99999	0.00428924	0.113822	-0.00439805	-0.993491	0.9935	-0.000704776	0.113826	
0.284104	0.000379448	0.922716	-0.0012008	-0.99999	0.00428924	0.113822	-0.00439805	-0.993491	0.9935	-0.000704776	0.113826	
0.284104	0.000379448	0.922716	-0.0012008	-0.99999	0.00428924	0.113822	-0.00439805	-0.993491	0.9935	-0.000704776	0.113826	
0.284104	0.000379448	0.922716	-0.0012008	-0.99999	0.00428924	0.113822	-0.00439805	-0.993491	0.9935	-0.000704776	0.113826	
0.284104	0.000379448	0.922716	-0.0012008	-0.99999	0.00428924	0.113822	-0.00439805	-0.993491	0.9935	-0.000704776	0.113826	
0.284104	0.000379448	0.922716	-0.0012008	-0.99999	0.00428924	0.113822	-0.00439805	-0.993491	0.9935	-0.000704776	0.113826	
0.284104	0.000379448	0.922716	-0.0012008	-0.99999	0.00428924	0.113822	-0.00439805	-0.993491	0.9935	-0.000704776	0.113826	
0.284104	0.000379448	0.922716	-0.0012008	-0.99999	0.00428924	0.113822	-0.00439805	-0.993491	0.9935	-0.000704776	0.113826	
0.284104	0.000379448	0.922716	-0.0012008	-0.99999	0.00428924	0.113822	-0.00439805	-0.993491	0.9935	-0.000704776	0.113826	
0.284104	0.000379448	0.922716	-0.0012008	-0.99999	0.00428924	0.113822	-0.00439805	-0.993491	0.9935	-0.000704776	0.113826	
0.284104	0.000379448	0.922716	-0.0012008	-0.99999	0.00428924	0.113822	-0.00439805	-0.993491	0.9935	-0.000704776	0.113826	
0.284104	0.000379448	0.922716	-0.0012008	-0.99999	0.00428924	0.113822	-0.00439805	-0.993491	0.9935	-0.000704776	0.113826	
0.284104	0.000379448	0.922716	-0.0012008	-0.99999	0.00428924	0.113822	-0.00439805	-0.993491	0.9935	-0.000704776	0.113826	
