0.325615	-0.0306884	0.838249	-0.0663439	-0.997795	-0.00167148	-0.00908316	0.00227904	-0.999956	0.997755	-0.0663258	-0.00921434	
0.323967	-0.0592198	0.850897	-0.0800323	-0.996776	-0.00575614	-0.0338947	0.00849268	-0.999389	0.996216	-0.0797883	-0.0344651	
0.324925	-0.0957456	0.837502	-0.0787702	-0.996891	-0.00203753	-0.0129176	0.00306439	-0.999912	0.996809	-0.078737	-0.0131188	
0.323919	-0.131386	0.843586	-0.0768187	-0.99704	-0.00323644	-0.0233242	0.00504218	-0.999715	0.996772	-0.0767213	-0.0236425	
0.32443	-0.160946	0.858237	-0.0878286	-0.996115	-0.00647105	-0.0474186	0.0106696	-0.998818	0.995006	-0.087418	-0.0481715	
0.326027	-0.191753	0.835783	-0.0967023	-0.995299	-0.00532112	-0.00895722	0.0062162	-0.999941	0.995273	-0.0966488	-0.00951624	
