0.33216	-0.00182259	0.858258	-0.00359834	-0.999993	-0.000681294	-0.0508695	0.000863464	-0.998705	0.998699	-0.00355902	-0.0508723	
0.331994	-0.00355927	0.858501	-0.00704283	-0.999974	-0.00134611	-0.0502478	0.00169834	-0.998735	0.998712	-0.00696628	-0.0502584	
0.331969	-0.00534818	0.858505	-0.0105904	-0.999942	-0.00203041	-0.0502222	0.00255987	-0.998735	0.998682	-0.010475	-0.0502464	
0.331938	-0.0071368	0.858506	-0.0141374	-0.999896	-0.00271466	-0.0501987	0.00342125	-0.998733	0.998639	-0.0139832	-0.0502419	
0.331899	-0.00892509	0.858506	-0.0176838	-0.999838	-0.00339886	-0.0501687	0.00428242	-0.998732	0.998584	-0.0174909	-0.0502362	
0.331852	-0.010713	0.858507	-0.0212295	-0.999766	-0.00408302	-0.0501319	0.00514331	-0.998729	0.998517	-0.0209979	-0.0502294	
0.331797	-0.0125004	0.858508	-0.0247744	-0.999682	-0.00476711	-0.0500886	0.00600387	-0.998727	0.998437	-0.0245041	-0.0502214	
0.331733	-0.0142873	0.858509	-0.0283183	-0.999584	-0.00545113	-0.0500385	0.00686403	-0.998724	0.998346	-0.0280094	-0.0502121	
0.331661	-0.0160735	0.85851	-0.031861	-0.999473	-0.00613505	-0.0499818	0.00772373	-0.99872	0.998242	-0.0315136	-0.0502016	
0.331581	-0.017859	0.858511	-0.0354025	-0.99935	-0.00681886	-0.0499185	0.00858292	-0.998716	0.998126	-0.0350166	-0.0501899	
0.331493	-0.0196437	0.858512	-0.0389425	-0.999213	-0.00750254	-0.0498485	0.00944153	-0.998712	0.997997	-0.0385183	-0.050177	
0.331396	-0.0214275	0.858513	-0.0424809	-0.999064	-0.00818608	-0.049772	0.0102995	-0.998708	0.997857	-0.0420185	-0.0501629	
0.331292	-0.0232104	0.858515	-0.0460176	-0.998901	-0.00886947	-0.0496887	0.0111568	-0.998702	0.997704	-0.0455171	-0.0501476	
0.331179	-0.0249922	0.858517	-0.0495523	-0.998726	-0.00955268	-0.0495989	0.0120133	-0.998697	0.997539	-0.049014	-0.050131	
0.331058	-0.0267729	0.858518	-0.0530851	-0.998538	-0.0102357	-0.0495025	0.012869	-0.998691	0.997362	-0.0525089	-0.0501133	
0.330929	-0.0285524	0.85852	-0.0566157	-0.998336	-0.0109185	-0.0493995	0.0137238	-0.998685	0.997173	-0.0560018	-0.0500943	
0.330792	-0.0303306	0.858522	-0.0601439	-0.998122	-0.0116011	-0.04929	0.0145777	-0.998678	0.996972	-0.0594926	-0.0500742	
0.330647	-0.0321074	0.858524	-0.0636697	-0.997895	-0.0122835	-0.0491739	0.0154306	-0.998671	0.996759	-0.0629811	-0.0500529	
0.330494	-0.0338828	0.858526	-0.0671929	-0.997656	-0.0129656	-0.0490513	0.0162824	-0.998664	0.996534	-0.0664671	-0.0500303	
0.330333	-0.0356566	0.858529	-0.0707133	-0.997403	-0.0136475	-0.0489221	0.0171331	-0.998656	0.996296	-0.0699506	-0.0500066	
0.330164	-0.0374289	0.858531	-0.0742309	-0.997138	-0.0143291	-0.0487865	0.0179826	-0.998647	0.996047	-0.0734314	-0.0499817	
0.329986	-0.0391995	0.858534	-0.0777453	-0.99686	-0.0150104	-0.0486444	0.0188309	-0.998639	0.995786	-0.0769093	-0.0499556	
0.329801	-0.0409683	0.858536	-0.0812566	-0.99657	-0.0156914	-0.0484958	0.019678	-0.99863	0.995513	-0.0803843	-0.0499284	
0.329608	-0.0427353	0.858539	-0.0847646	-0.996266	-0.016372	-0.0483407	0.0205236	-0.99862	0.995228	-0.0838562	-0.0498999	
0.329407	-0.0445004	0.858542	-0.0882691	-0.995951	-0.0170523	-0.0481793	0.0213679	-0.99861	0.994931	-0.0873249	-0.0498703	
0.329198	-0.0462635	0.858545	-0.09177	-0.995622	-0.0177323	-0.0480115	0.0222107	-0.9986	0.994622	-0.0907902	-0.0498396	
0.328981	-0.0480245	0.858548	-0.0952672	-0.995281	-0.0184119	-0.0478373	0.023052	-0.998589	0.994302	-0.094252	-0.0498077	
0.328756	-0.0497833	0.858551	-0.0987604	-0.994928	-0.0190911	-0.0476567	0.0238917	-0.998578	0.993969	-0.0977102	-0.0497746	
0.328523	-0.05154	0.858554	-0.10225	-0.994562	-0.0197699	-0.0474699	0.0247298	-0.998566	0.993625	-0.101165	-0.0497403	
0.328283	-0.0532944	0.858558	-0.105735	-0.994184	-0.0204483	-0.0472767	0.0255662	-0.998555	0.99327	-0.104615	-0.049705	
0.328035	-0.0550464	0.858561	-0.109216	-0.993794	-0.0211262	-0.0470772	0.0264009	-0.998542	0.992903	-0.108062	-0.0496684	
0.327779	-0.0567959	0.858565	-0.112692	-0.993391	-0.0218038	-0.0468716	0.0272338	-0.99853	0.992524	-0.111504	-0.0496308	
0.327515	-0.0585429	0.858568	-0.116164	-0.992976	-0.0224808	-0.0466597	0.0280648	-0.998517	0.992133	-0.114942	-0.049592	
0.327244	-0.0602874	0.858572	-0.119631	-0.992548	-0.0231574	-0.0464416	0.0288939	-0.998503	0.991732	-0.118376	-0.0495521	
0.326965	-0.0620292	0.858576	-0.123093	-0.992109	-0.0238335	-0.0462173	0.0297211	-0.998489	0.991318	-0.121806	-0.0495111	
0.326678	-0.0637682	0.85858	-0.12655	-0.991657	-0.0245091	-0.045987	0.0305463	-0.998475	0.990894	-0.12523	-0.049469	
0.326384	-0.0655045	0.858584	-0.130003	-0.991194	-0.0251842	-0.0457505	0.0313694	-0.99846	0.990458	-0.12865	-0.0494257	
0.326083	-0.0672378	0.858588	-0.13345	-0.990718	-0.0258588	-0.045508	0.0321904	-0.998445	0.99001	-0.132065	-0.0493814	
0.325773	-0.0689682	0.858592	-0.136891	-0.990231	-0.0265328	-0.0452595	0.0330092	-0.99843	0.989552	-0.135475	-0.049336	
0.325457	-0.0706956	0.858596	-0.140327	-0.989731	-0.0272062	-0.0450049	0.0338259	-0.998414	0.989082	-0.13888	-0.0492895	
0.325132	-0.07242	0.858601	-0.143758	-0.98922	-0.0278791	-0.0447444	0.0346402	-0.998398	0.988601	-0.14228	-0.0492419	
0.324801	-0.0741411	0.858605	-0.147183	-0.988697	-0.0285514	-0.044478	0.0354523	-0.998381	0.988109	-0.145675	-0.0491932	
0.324462	-0.0758591	0.85861	-0.150602	-0.988163	-0.0292231	-0.0442057	0.036262	-0.998364	0.987606	-0.149064	-0.0491435	
0.324116	-0.0775737	0.858614	-0.154015	-0.987616	-0.0298942	-0.0439275	0.0370693	-0.998347	0.987092	-0.152447	-0.0490927	
0.323762	-0.079285	0.858619	-0.157422	-0.987058	-0.0305647	-0.0436435	0.0378742	-0.998329	0.986567	-0.155825	-0.0490409	
0.323401	-0.0809929	0.858624	-0.160822	-0.986489	-0.0312345	-0.0433537	0.0386765	-0.998311	0.986031	-0.159197	-0.048988	
0.323033	-0.0826973	0.858629	-0.164217	-0.985908	-0.0319036	-0.0430582	0.0394763	-0.998292	0.985484	-0.162563	-0.0489341	
0.322658	-0.0843982	0.858634	-0.167605	-0.985316	-0.0325721	-0.042757	0.0402735	-0.998273	0.984927	-0.165922	-0.0488792	
0.322276	-0.0860954	0.858638	-0.170986	-0.984713	-0.0332399	-0.0424501	0.0410681	-0.998254	0.984359	-0.169276	-0.0488233	
0.321887	-0.087789	0.858644	-0.174361	-0.984098	-0.033907	-0.0421376	0.04186	-0.998235	0.98378	-0.172624	-0.0487663	
0.32149	-0.0894788	0.858649	-0.177728	-0.983472	-0.0345734	-0.0418196	0.0426491	-0.998214	0.983191	-0.175965	-0.0487083	
0.321087	-0.0911648	0.858654	-0.181089	-0.982835	-0.0352391	-0.0414959	0.0434355	-0.998194	0.982591	-0.1793	-0.0486494	
0.320677	-0.0928469	0.858659	-0.184443	-0.982187	-0.035904	-0.0411668	0.0442191	-0.998173	0.981981	-0.182628	-0.0485894	
0.32026	-0.0945252	0.858664	-0.18779	-0.981528	-0.0365682	-0.0408322	0.0449998	-0.998152	0.98136	-0.18595	-0.0485285	
0.319836	-0.0961994	0.85867	-0.191129	-0.980858	-0.0372317	-0.0404922	0.0457776	-0.998131	0.980729	-0.189265	-0.0484666	
0.319405	-0.0978697	0.858675	-0.194462	-0.980178	-0.0378943	-0.0401469	0.0465525	-0.998109	0.980088	-0.192572	-0.0484037	
0.318967	-0.0995358	0.858681	-0.197786	-0.979487	-0.0385562	-0.0397962	0.0473244	-0.998087	0.979437	-0.195873	-0.0483399	
0.318523	-0.101198	0.858686	-0.201103	-0.978785	-0.0392173	-0.0394402	0.0480932	-0.998064	0.978776	-0.199167	-0.0482752	
0.318072	-0.102855	0.858692	-0.204413	-0.978072	-0.0398776	-0.039079	0.0488591	-0.998041	0.978104	-0.202454	-0.0482095	
0.317615	-0.104509	0.858697	-0.207715	-0.977349	-0.040537	-0.0387126	0.0496218	-0.998018	0.977423	-0.205734	-0.0481429	
0.317151	-0.106158	0.858703	-0.211008	-0.976616	-0.0411956	-0.038341	0.0503814	-0.997994	0.976732	-0.209006	-0.0480753	
0.31668	-0.107803	0.858709	-0.214294	-0.975872	-0.0418534	-0.0379644	0.0511378	-0.99797	0.976031	-0.21227	-0.0480069	
0.316203	-0.109443	0.858715	-0.217572	-0.975118	-0.0425103	-0.0375827	0.051891	-0.997945	0.97532	-0.215527	-0.0479376	
0.31572	-0.111079	0.85872	-0.220842	-0.974354	-0.0431663	-0.0371959	0.052641	-0.997921	0.9746	-0.218777	-0.0478673	
0.31523	-0.112711	0.858726	-0.224103	-0.97358	-0.0438214	-0.0368043	0.0533877	-0.997895	0.97387	-0.222019	-0.0477962	
0.314734	-0.114337	0.858732	-0.227356	-0.972795	-0.0444757	-0.0364077	0.0541311	-0.99787	0.973131	-0.225253	-0.0477243	
0.314232	-0.11596	0.858738	-0.230601	-0.972001	-0.045129	-0.0360062	0.0548711	-0.997844	0.972382	-0.228479	-0.0476514	
0.313724	-0.117577	0.858744	-0.233837	-0.971197	-0.0457815	-0.0356	0.0556078	-0.997818	0.971624	-0.231697	-0.0475777	
0.313209	-0.11919	0.85875	-0.237064	-0.970384	-0.046433	-0.0351889	0.056341	-0.997791	0.970856	-0.234907	-0.0475032	
0.312688	-0.120798	0.858756	-0.240283	-0.96956	-0.0470835	-0.0347732	0.0570709	-0.997764	0.97008	-0.238109	-0.0474278	
0.312162	-0.122401	0.858762	-0.243493	-0.968727	-0.0477331	-0.0343527	0.0577972	-0.997737	0.969294	-0.241302	-0.0473516	
0.311629	-0.123999	0.858768	-0.246694	-0.967885	-0.0483817	-0.0339277	0.0585201	-0.99771	0.968499	-0.244488	-0.0472746	
0.311091	-0.125593	0.858774	-0.249886	-0.967033	-0.0490294	-0.0334981	0.0592394	-0.997682	0.967696	-0.247664	-0.0471968	
0.310546	-0.127181	0.85878	-0.253069	-0.966172	-0.0496761	-0.0330639	0.0599551	-0.997653	0.966883	-0.250833	-0.0471182	
0.309996	-0.128764	0.858786	-0.256243	-0.965302	-0.0503218	-0.0326253	0.0606673	-0.997625	0.966062	-0.253993	-0.0470389	
0.30944	-0.130343	0.858793	-0.259408	-0.964422	-0.0509665	-0.0321823	0.0613759	-0.997596	0.965231	-0.257144	-0.0469587	
0.308878	-0.131916	0.858799	-0.262563	-0.963534	-0.0516101	-0.0317349	0.0620808	-0.997566	0.964393	-0.260287	-0.0468778	
0.308311	-0.133484	0.858805	-0.265709	-0.962636	-0.0522528	-0.0312832	0.0627821	-0.997537	0.963545	-0.26342	-0.0467961	
0.307738	-0.135047	0.858811	-0.268846	-0.96173	-0.0528944	-0.0308272	0.0634797	-0.997507	0.96269	-0.266545	-0.0467137	
0.30716	-0.136605	0.858817	-0.271973	-0.960815	-0.0535349	-0.030367	0.0641735	-0.997477	0.961826	-0.269661	-0.0466305	
0.306576	-0.138158	0.858823	-0.275091	-0.959891	-0.0541744	-0.0299026	0.0648636	-0.997446	0.960953	-0.272768	-0.0465467	
0.305987	-0.139705	0.85883	-0.278199	-0.958958	-0.0548128	-0.0294342	0.06555	-0.997415	0.960072	-0.275866	-0.0464621	
0.305392	-0.141247	0.858836	-0.281297	-0.958017	-0.0554502	-0.0289616	0.0662326	-0.997384	0.959184	-0.278955	-0.0463768	
0.305392	-0.141247	0.858836	-0.281297	-0.958017	-0.0554502	-0.0289616	0.0662326	-0.997384	0.959184	-0.278955	-0.0463768	
0.30416	-0.144369	0.858851	-0.287574	-0.956076	-0.056747	-0.0279805	0.0676111	-0.997319	0.95735	-0.285216	-0.0461947	
0.303574	-0.145838	0.858854	-0.290528	-0.955146	-0.057357	-0.0275204	0.0682586	-0.997288	0.956471	-0.288162	-0.0461171	
0.302958	-0.147361	0.858861	-0.293591	-0.95417	-0.0579909	-0.027031	0.0689267	-0.997255	0.955549	-0.291218	-0.0460285	
0.302338	-0.148875	0.858867	-0.29664	-0.953188	-0.0586227	-0.026539	0.06959	-0.997223	0.954621	-0.29426	-0.0459399	
0.301712	-0.150385	0.858873	-0.299679	-0.952198	-0.0592534	-0.0260432	0.0702495	-0.997189	0.953685	-0.297293	-0.0458506	
0.301082	-0.151889	0.858879	-0.302707	-0.951201	-0.059883	-0.0255437	0.0709051	-0.997156	0.952741	-0.300317	-0.0457606	
0.300447	-0.153387	0.858885	-0.305725	-0.950195	-0.0605114	-0.0250405	0.0715567	-0.997122	0.95179	-0.30333	-0.0456701	
0.299806	-0.15488	0.858891	-0.308734	-0.949182	-0.0611387	-0.0245338	0.0722043	-0.997088	0.950832	-0.306335	-0.0455789	
0.299162	-0.156367	0.858897	-0.311731	-0.948161	-0.0617647	-0.0240235	0.072848	-0.997054	0.949867	-0.309329	-0.0454871	
0.298512	-0.157848	0.858903	-0.314719	-0.947132	-0.0623897	-0.0235097	0.0734877	-0.997019	0.948894	-0.312314	-0.0453948	
0.297858	-0.159324	0.858909	-0.317696	-0.946097	-0.0630134	-0.0229925	0.0741235	-0.996984	0.947914	-0.315289	-0.0453018	
0.297199	-0.160794	0.858915	-0.320662	-0.945054	-0.0636359	-0.0224719	0.0747552	-0.996949	0.946927	-0.318254	-0.0452083	
0.296536	-0.162258	0.858921	-0.323618	-0.944003	-0.0642573	-0.021948	0.0753829	-0.996913	0.945933	-0.321209	-0.0451142	
0.295868	-0.163717	0.858927	-0.326564	-0.942946	-0.0648774	-0.0214208	0.0760066	-0.996877	0.944932	-0.324154	-0.0450196	
0.295196	-0.16517	0.858933	-0.329499	-0.941882	-0.0654963	-0.0208903	0.0766262	-0.996841	0.943925	-0.32709	-0.0449244	
0.294519	-0.166617	0.858939	-0.332423	-0.94081	-0.066114	-0.0203567	0.0772417	-0.996805	0.942911	-0.330015	-0.0448287	
0.294558	-0.166537	0.858937	-0.332263	-0.940869	-0.06608	-0.0203903	0.0772093	-0.996806	0.942967	-0.329854	-0.0448384	
0.294555	-0.166542	0.858937	-0.332271	-0.940866	-0.0660819	-0.0203883	0.0772111	-0.996806	0.942963	-0.329863	-0.0448377	
0.294556	-0.166542	0.858937	-0.332271	-0.940866	-0.0660818	-0.0203884	0.077211	-0.996806	0.942964	-0.329862	-0.0448377	
0.294556	-0.166542	0.858937	-0.332271	-0.940866	-0.0660818	-0.0203884	0.077211	-0.996806	0.942964	-0.329862	-0.0448377	
0.294556	-0.166542	0.858937	-0.332271	-0.940866	-0.0660818	-0.0203884	0.077211	-0.996806	0.942964	-0.329862	-0.0448377	
0.294556	-0.166542	0.858937	-0.332271	-0.940866	-0.0660818	-0.0203884	0.077211	-0.996806	0.942964	-0.329862	-0.0448377	
0.294556	-0.166542	0.858937	-0.332271	-0.940866	-0.0660818	-0.0203884	0.077211	-0.996806	0.942964	-0.329862	-0.0448377	
0.294556	-0.166542	0.858937	-0.332271	-0.940866	-0.0660818	-0.0203884	0.077211	-0.996806	0.942964	-0.329862	-0.0448377	
0.294556	-0.166542	0.858937	-0.332271	-0.940866	-0.0660818	-0.0203884	0.077211	-0.996806	0.942964	-0.329862	-0.0448377	
0.294556	-0.166542	0.858937	-0.332271	-0.940866	-0.0660818	-0.0203884	0.077211	-0.996806	0.942964	-0.329862	-0.0448377	
0.294556	-0.166542	0.858937	-0.332271	-0.940866	-0.0660818	-0.0203884	0.077211	-0.996806	0.942964	-0.329862	-0.0448377	
0.294556	-0.166542	0.858937	-0.332271	-0.940866	-0.0660818	-0.0203884	0.077211	-0.996806	0.942964	-0.329862	-0.0448377	
0.294556	-0.166542	0.858937	-0.332271	-0.940866	-0.0660818	-0.0203884	0.077211	-0.996806	0.942964	-0.329862	-0.0448377	
0.294556	-0.166542	0.858937	-0.332271	-0.940866	-0.0660818	-0.0203884	0.077211	-0.996806	0.942964	-0.329862	-0.0448377	
0.294556	-0.166542	0.858937	-0.332271	-0.940866	-0.0660818	-0.0203884	0.077211	-0.996806	0.942964	-0.329862	-0.0448377	
0.294556	-0.166542	0.858937	-0.332271	-0.940866	-0.0660818	-0.0203884	0.077211	-0.996806	0.942964	-0.329862	-0.0448377	
0.294556	-0.166542	0.858937	-0.332271	-0.940866	-0.0660818	-0.0203884	0.077211	-0.996806	0.942964	-0.329862	-0.0448377	
0.294556	-0.166542	0.858937	-0.332271	-0.940866	-0.0660818	-0.0203884	0.077211	-0.996806	0.942964	-0.329862	-0.0448377	
0.294556	-0.166542	0.858937	-0.332271	-0.940866	-0.0660818	-0.0203884	0.077211	-0.996806	0.942964	-0.329862	-0.0448377	
0.294556	-0.166542	0.858937	-0.332271	-0.940866	-0.0660818	-0.0203884	0.077211	-0.996806	0.942964	-0.329862	-0.0448377	
0.294556	-0.166542	0.858937	-0.332271	-0.940866	-0.0660818	-0.0203884	0.077211	-0.996806	0.942964	-0.329862	-0.0448377	
0.294556	-0.166542	0.858937	-0.332271	-0.940866	-0.0660818	-0.0203884	0.077211	-0.996806	0.942964	-0.329862	-0.0448377	
0.294556	-0.166542	0.858937	-0.332271	-0.940866	-0.0660818	-0.0203884	0.077211	-0.996806	0.942964	-0.329862	-0.0448377	
0.294556	-0.166542	0.858937	-0.332271	-0.940866	-0.0660818	-0.0203884	0.077211	-0.996806	0.942964	-0.329862	-0.0448377	
0.294556	-0.166542	0.858937	-0.332271	-0.940866	-0.0660818	-0.0203884	0.077211	-0.996806	0.942964	-0.329862	-0.0448377	
0.294556	-0.166542	0.858937	-0.332271	-0.940866	-0.0660818	-0.0203884	0.077211	-0.996806	0.942964	-0.329862	-0.0448377	
0.294556	-0.166542	0.858937	-0.332271	-0.940866	-0.0660818	-0.0203884	0.077211	-0.996806	0.942964	-0.329862	-0.0448377	
0.294556	-0.166542	0.858937	-0.332271	-0.940866	-0.0660818	-0.0203884	0.077211	-0.996806	0.942964	-0.329862	-0.0448377	
0.294556	-0.166542	0.858937	-0.332271	-0.940866	-0.0660818	-0.0203884	0.077211	-0.996806	0.942964	-0.329862	-0.0448377	
0.294556	-0.166542	0.858937	-0.332271	-0.940866	-0.0660818	-0.0203884	0.077211	-0.996806	0.942964	-0.329862	-0.0448377	
0.294556	-0.166542	0.858937	-0.332271	-0.940866	-0.0660818	-0.0203884	0.077211	-0.996806	0.942964	-0.329862	-0.0448377	
0.294556	-0.166542	0.858937	-0.332271	-0.940866	-0.0660818	-0.0203884	0.077211	-0.996806	0.942964	-0.329862	-0.0448377	
0.294556	-0.166542	0.858937	-0.332271	-0.940866	-0.0660818	-0.0203884	0.077211	-0.996806	0.942964	-0.329862	-0.0448377	
0.294556	-0.166542	0.858937	-0.332271	-0.940866	-0.0660818	-0.0203884	0.077211	-0.996806	0.942964	-0.329862	-0.0448377	
0.294556	-0.166542	0.858937	-0.332271	-0.940866	-0.0660818	-0.0203884	0.077211	-0.996806	0.942964	-0.329862	-0.0448377	
0.294556	-0.166542	0.858937	-0.332271	-0.940866	-0.0660818	-0.0203884	0.077211	-0.996806	0.942964	-0.329862	-0.0448377	
0.294556	-0.166542	0.858937	-0.332271	-0.940866	-0.0660818	-0.0203884	0.077211	-0.996806	0.942964	-0.329862	-0.0448377	
0.294556	-0.166542	0.858937	-0.332271	-0.940866	-0.0660818	-0.0203884	0.077211	-0.996806	0.942964	-0.329862	-0.0448377	
0.294556	-0.166542	0.858937	-0.332271	-0.940866	-0.0660818	-0.0203884	0.077211	-0.996806	0.942964	-0.329862	-0.0448377	
0.294556	-0.166542	0.858937	-0.332271	-0.940866	-0.0660818	-0.0203884	0.077211	-0.996806	0.942964	-0.329862	-0.0448377	
0.294556	-0.166542	0.858937	-0.332271	-0.940866	-0.0660818	-0.0203884	0.077211	-0.996806	0.942964	-0.329862	-0.0448377	
0.294556	-0.166542	0.858937	-0.332271	-0.940866	-0.0660818	-0.0203884	0.077211	-0.996806	0.942964	-0.329862	-0.0448377	
0.294556	-0.166542	0.858937	-0.332271	-0.940866	-0.0660818	-0.0203884	0.077211	-0.996806	0.942964	-0.329862	-0.0448377	
0.294556	-0.166542	0.858937	-0.332271	-0.940866	-0.0660818	-0.0203884	0.077211	-0.996806	0.942964	-0.329862	-0.0448377	
0.294556	-0.166542	0.858937	-0.332271	-0.940866	-0.0660818	-0.0203884	0.077211	-0.996806	0.942964	-0.329862	-0.0448377	
0.294556	-0.166542	0.858937	-0.332271	-0.940866	-0.0660818	-0.0203884	0.077211	-0.996806	0.942964	-0.329862	-0.0448377	
0.294556	-0.166542	0.858937	-0.332271	-0.940866	-0.0660818	-0.0203884	0.077211	-0.996806	0.942964	-0.329862	-0.0448377	
0.294556	-0.166542	0.858937	-0.332271	-0.940866	-0.0660818	-0.0203884	0.077211	-0.996806	0.942964	-0.329862	-0.0448377	
0.294556	-0.166542	0.858937	-0.332271	-0.940866	-0.0660818	-0.0203884	0.077211	-0.996806	0.942964	-0.329862	-0.0448377	
0.294556	-0.166542	0.858937	-0.332271	-0.940866	-0.0660818	-0.0203884	0.077211	-0.996806	0.942964	-0.329862	-0.0448377	
0.294556	-0.166542	0.858937	-0.332271	-0.940866	-0.0660818	-0.0203884	0.077211	-0.996806	0.942964	-0.329862	-0.0448377	
0.294556	-0.166542	0.858937	-0.332271	-0.940866	-0.0660818	-0.0203884	0.077211	-0.996806	0.942964	-0.329862	-0.0448377	
0.294556	-0.166542	0.858937	-0.332271	-0.940866	-0.0660818	-0.0203884	0.077211	-0.996806	0.942964	-0.329862	-0.0448377	
0.294556	-0.166542	0.858937	-0.332271	-0.940866	-0.0660818	-0.0203884	0.077211	-0.996806	0.942964	-0.329862	-0.0448377	
0.294556	-0.166542	0.858937	-0.332271	-0.940866	-0.0660818	-0.0203884	0.077211	-0.996806	0.942964	-0.329862	-0.0448377	
0.294556	-0.166542	0.858937	-0.332271	-0.940866	-0.0660818	-0.0203884	0.077211	-0.996806	0.942964	-0.329862	-0.0448377	
0.294556	-0.166542	0.858937	-0.332271	-0.940866	-0.0660818	-0.0203884	0.077211	-0.996806	0.942964	-0.329862	-0.0448377	
0.294556	-0.166542	0.858937	-0.332271	-0.940866	-0.0660818	-0.0203884	0.077211	-0.996806	0.942964	-0.329862	-0.0448377	
0.294556	-0.166542	0.858937	-0.332271	-0.940866	-0.0660818	-0.0203884	0.077211	-0.996806	0.942964	-0.329862	-0.0448377	
0.294556	-0.166542	0.858937	-0.332271	-0.940866	-0.0660818	-0.0203884	0.077211	-0.996806	0.942964	-0.329862	-0.0448377	
0.294556	-0.166542	0.858937	-0.332271	-0.940866	-0.0660818	-0.0203884	0.077211	-0.996806	0.942964	-0.329862	-0.0448377	
0.294556	-0.166542	0.858937	-0.332271	-0.940866	-0.0660818	-0.0203884	0.077211	-0.996806	0.942964	-0.329862	-0.0448377	
0.294556	-0.166542	0.858937	-0.332271	-0.940866	-0.0660818	-0.0203884	0.077211	-0.996806	0.942964	-0.329862	-0.0448377	
0.294556	-0.166542	0.858937	-0.332271	-0.940866	-0.0660818	-0.0203884	0.077211	-0.996806	0.942964	-0.329862	-0.0448377	
0.294556	-0.166542	0.858937	-0.332271	-0.940866	-0.0660818	-0.0203884	0.077211	-0.996806	0.942964	-0.329862	-0.0448377	
0.294556	-0.166542	0.858937	-0.332271	-0.940866	-0.0660818	-0.0203884	0.077211	-0.996806	0.942964	-0.329862	-0.0448377	
0.294556	-0.166542	0.858937	-0.332271	-0.940866	-0.0660818	-0.0203884	0.077211	-0.996806	0.942964	-0.329862	-0.0448377	
0.294556	-0.166542	0.858937	-0.332271	-0.940866	-0.0660818	-0.0203884	0.077211	-0.996806	0.942964	-0.329862	-0.0448377	
0.294556	-0.166542	0.858937	-0.332271	-0.940866	-0.0660818	-0.0203884	0.077211	-0.996806	0.942964	-0.329862	-0.0448377	
0.294556	-0.166542	0.858937	-0.332271	-0.940866	-0.0660818	-0.0203884	0.077211	-0.996806	0.942964	-0.329862	-0.0448377	
0.294556	-0.166542	0.858937	-0.332271	-0.940866	-0.0660818	-0.0203884	0.077211	-0.996806	0.942964	-0.329862	-0.0448377	
0.294556	-0.166542	0.858937	-0.332271	-0.940866	-0.0660818	-0.0203884	0.077211	-0.996806	0.942964	-0.329862	-0.0448377	
0.294556	-0.166542	0.858937	-0.332271	-0.940866	-0.0660818	-0.0203884	0.077211	-0.996806	0.942964	-0.329862	-0.0448377	
0.294556	-0.166542	0.858937	-0.332271	-0.940866	-0.0660818	-0.0203884	0.077211	-0.996806	0.942964	-0.329862	-0.0448377	
0.294556	-0.166542	0.858937	-0.332271	-0.940866	-0.0660818	-0.0203884	0.077211	-0.996806	0.942964	-0.329862	-0.0448377	
0.294556	-0.166542	0.858937	-0.332271	-0.940866	-0.0660818	-0.0203884	0.077211	-0.996806	0.942964	-0.329862	-0.0448377	
0.294556	-0.166542	0.858937	-0.332271	-0.940866	-0.0660818	-0.0203884	0.077211	-0.996806	0.942964	-0.329862	-0.0448377	
0.294556	-0.166542	0.858937	-0.332271	-0.940866	-0.0660818	-0.0203884	0.077211	-0.996806	0.942964	-0.329862	-0.0448377	
0.294556	-0.166542	0.858937	-0.332271	-0.940866	-0.0660818	-0.0203884	0.077211	-0.996806	0.942964	-0.329862	-0.0448377	
0.294556	-0.166542	0.858937	-0.332271	-0.940866	-0.0660818	-0.0203884	0.077211	-0.996806	0.942964	-0.329862	-0.0448377	
0.294556	-0.166542	0.858937	-0.332271	-0.940866	-0.0660818	-0.0203884	0.077211	-0.996806	0.942964	-0.329862	-0.0448377	
0.294556	-0.166542	0.858937	-0.332271	-0.940866	-0.0660818	-0.0203884	0.077211	-0.996806	0.942964	-0.329862	-0.0448377	
0.294556	-0.166542	0.858937	-0.332271	-0.940866	-0.0660818	-0.0203884	0.077211	-0.996806	0.942964	-0.329862	-0.0448377	
0.294556	-0.166542	0.858937	-0.332271	-0.940866	-0.0660818	-0.0203884	0.077211	-0.996806	0.942964	-0.329862	-0.0448377	
0.294556	-0.166542	0.858937	-0.332271	-0.940866	-0.0660818	-0.0203884	0.077211	-0.996806	0.942964	-0.329862	-0.0448377	
0.294556	-0.166542	0.858937	-0.332271	-0.940866	-0.0660818	-0.0203884	0.077211	-0.996806	0.942964	-0.329862	-0.0448377	
0.294556	-0.166542	0.858937	-0.332271	-0.940866	-0.0660818	-0.0203884	0.077211	-0.996806	0.942964	-0.329862	-0.0448377	
0.294556	-0.166542	0.858937	-0.332271	-0.940866	-0.0660818	-0.0203884	0.077211	-0.996806	0.942964	-0.329862	-0.0448377	
0.294556	-0.166542	0.858937	-0.332271	-0.940866	-0.0660818	-0.0203884	0.077211	-0.996806	0.942964	-0.329862	-0.0448377	
0.294556	-0.166542	0.858937	-0.332271	-0.940866	-0.0660818	-0.0203884	0.077211	-0.996806	0.942964	-0.329862	-0.0448377	
0.294556	-0.166542	0.858937	-0.332271	-0.940866	-0.0660818	-0.0203884	0.077211	-0.996806	0.942964	-0.329862	-0.0448377	
0.294556	-0.166542	0.858937	-0.332271	-0.940866	-0.0660818	-0.0203884	0.077211	-0.996806	0.942964	-0.329862	-0.0448377	
0.294556	-0.166542	0.858937	-0.332271	-0.940866	-0.0660818	-0.0203884	0.077211	-0.996806	0.942964	-0.329862	-0.0448377	
0.294556	-0.166542	0.858937	-0.332271	-0.940866	-0.0660818	-0.0203884	0.077211	-0.996806	0.942964	-0.329862	-0.0448377	
0.294556	-0.166542	0.858937	-0.332271	-0.940866	-0.0660818	-0.0203884	0.077211	-0.996806	0.942964	-0.329862	-0.0448377	
0.294556	-0.166542	0.858937	-0.332271	-0.940866	-0.0660818	-0.0203884	0.077211	-0.996806	0.942964	-0.329862	-0.0448377	
0.294556	-0.166542	0.858937	-0.332271	-0.940866	-0.0660818	-0.0203884	0.077211	-0.996806	0.942964	-0.329862	-0.0448377	
0.294556	-0.166542	0.858937	-0.332271	-0.940866	-0.0660818	-0.0203884	0.077211	-0.996806	0.942964	-0.329862	-0.0448377	
0.294556	-0.166542	0.858937	-0.332271	-0.940866	-0.0660818	-0.0203884	0.077211	-0.996806	0.942964	-0.329862	-0.0448377	
0.294556	-0.166542	0.858937	-0.332271	-0.940866	-0.0660818	-0.0203884	0.077211	-0.996806	0.942964	-0.329862	-0.0448377	
0.294866	-0.164899	0.8596	-0.329054	-0.942038	-0.0654875	-0.0193416	0.0760585	-0.996916	0.944113	-0.326772	-0.0432479	
0.295155	-0.163343	0.860224	-0.326006	-0.943136	-0.0649223	-0.0183535	0.0749753	-0.997016	0.94519	-0.323842	-0.0417522	
0.295438	-0.161777	0.860851	-0.32294	-0.944229	-0.064352	-0.0173518	0.0738909	-0.997115	0.94626	-0.320892	-0.0402464	
0.295714	-0.160208	0.861479	-0.319866	-0.945314	-0.0637784	-0.0163413	0.0728093	-0.997212	0.947322	-0.317932	-0.0387369	
0.295983	-0.158633	0.862108	-0.316784	-0.94639	-0.0632015	-0.0153216	0.0717304	-0.997306	0.948374	-0.314963	-0.0372233	
0.296245	-0.157054	0.862739	-0.313694	-0.947457	-0.0626212	-0.0142929	0.0706543	-0.997398	0.949417	-0.311983	-0.0357057	
0.2965	-0.155471	0.86337	-0.310596	-0.948516	-0.0620376	-0.0132551	0.0695811	-0.997488	0.95045	-0.308993	-0.0341842	
0.296748	-0.153883	0.864003	-0.307489	-0.949565	-0.0614507	-0.0122082	0.068511	-0.997576	0.951473	-0.305994	-0.0326589	
0.296989	-0.152292	0.864636	-0.304375	-0.950606	-0.0608604	-0.0111524	0.0674438	-0.997661	0.952487	-0.302984	-0.0311297	
0.297222	-0.150695	0.86527	-0.301253	-0.951638	-0.0602667	-0.0100875	0.0663799	-0.997743	0.953491	-0.299965	-0.0295968	
0.297449	-0.149095	0.865905	-0.298123	-0.952661	-0.0596697	-0.00901367	0.0653192	-0.997824	0.954485	-0.296936	-0.0280601	
0.297668	-0.147491	0.866542	-0.294986	-0.953674	-0.0590693	-0.00793091	0.0642618	-0.997902	0.955469	-0.293898	-0.0265198	
0.29788	-0.145882	0.867179	-0.291841	-0.954678	-0.0584656	-0.00683924	0.0632079	-0.997977	0.956443	-0.29085	-0.0249759	
0.298085	-0.14427	0.867817	-0.288688	-0.955673	-0.0578584	-0.00573871	0.0621575	-0.99805	0.957406	-0.287793	-0.0234285	
0.298282	-0.142653	0.868455	-0.285528	-0.956659	-0.0572479	-0.00462933	0.0611107	-0.99812	0.958359	-0.284727	-0.0218775	
0.298472	-0.141033	0.869095	-0.282362	-0.957635	-0.0566341	-0.00351116	0.0600676	-0.998188	0.959302	-0.281651	-0.0203232	
0.298655	-0.139408	0.869735	-0.279187	-0.958601	-0.0560168	-0.00238421	0.0590283	-0.998253	0.960234	-0.278566	-0.0187655	
0.298829	-0.13778	0.870376	-0.276006	-0.959558	-0.0553962	-0.00124854	0.0579929	-0.998316	0.961155	-0.275472	-0.0172044	
0.298997	-0.136149	0.871018	-0.272818	-0.960505	-0.0547722	-0.000104186	0.0569614	-0.998376	0.962066	-0.27237	-0.0156402	
0.299156	-0.134513	0.87166	-0.269624	-0.961442	-0.0541448	0.00104882	0.0559339	-0.998434	0.962965	-0.269258	-0.0140727	
0.299308	-0.132874	0.872303	-0.266422	-0.96237	-0.0535141	0.00221042	0.0549106	-0.998489	0.963854	-0.266138	-0.0125022	
0.299453	-0.131232	0.872947	-0.263214	-0.963287	-0.05288	0.00338059	0.0538915	-0.998541	0.964732	-0.263009	-0.0109285	
0.299589	-0.129586	0.873591	-0.26	-0.964194	-0.0522425	0.00455926	0.0528767	-0.998591	0.965598	-0.259871	-0.00935192	
0.299718	-0.127937	0.874235	-0.256779	-0.965092	-0.0516016	0.0057464	0.0518663	-0.998638	0.966453	-0.256726	-0.00777237	
0.299839	-0.126284	0.874881	-0.253552	-0.965979	-0.0509574	0.00694196	0.0508604	-0.998682	0.967297	-0.253571	-0.00618997	
0.299953	-0.124628	0.875526	-0.250319	-0.966855	-0.0503098	0.00814588	0.0498591	-0.998723	0.968129	-0.250409	-0.00460477	
0.300058	-0.122969	0.876172	-0.24708	-0.967722	-0.0496589	0.00935811	0.0488624	-0.998762	0.96895	-0.247238	-0.00301684	
0.300155	-0.121307	0.876819	-0.243834	-0.968578	-0.0490046	0.0105786	0.0478704	-0.998798	0.969759	-0.24406	-0.00142625	
0.300245	-0.119641	0.877466	-0.240584	-0.969424	-0.0483469	0.0118073	0.0468833	-0.998831	0.970557	-0.240873	0.000166931	
0.300326	-0.117973	0.878113	-0.237327	-0.970259	-0.0476859	0.0130442	0.045901	-0.998861	0.971342	-0.237679	0.00176264	
0.3004	-0.116302	0.87876	-0.234065	-0.971083	-0.0470216	0.0142891	0.0449238	-0.998888	0.972116	-0.234477	0.00336079	
0.300465	-0.114628	0.879408	-0.230798	-0.971897	-0.0463539	0.0155421	0.0439516	-0.998913	0.972878	-0.231268	0.00496133	
0.300523	-0.112951	0.880056	-0.227525	-0.9727	-0.0456828	0.016803	0.0429845	-0.998934	0.973627	-0.228051	0.00656419	
0.300572	-0.111271	0.880705	-0.224248	-0.973492	-0.0450085	0.0180718	0.0420227	-0.998953	0.974365	-0.224826	0.00816928	
0.300613	-0.109589	0.881353	-0.220965	-0.974274	-0.0443308	0.0193485	0.0410662	-0.998969	0.97509	-0.221595	0.00977654	
0.300646	-0.107904	0.882002	-0.217677	-0.975044	-0.0436498	0.020633	0.0401151	-0.998982	0.975803	-0.218356	0.0113859	
0.300671	-0.106217	0.88265	-0.214385	-0.975804	-0.0429655	0.0219251	0.0391695	-0.998992	0.976503	-0.215111	0.0129973	
0.300687	-0.104527	0.883299	-0.211088	-0.976552	-0.0422779	0.023225	0.0382294	-0.998999	0.977191	-0.211859	0.0146106	
0.300696	-0.102836	0.883948	-0.207787	-0.97729	-0.041587	0.0245324	0.037295	-0.999003	0.977866	-0.2086	0.0162258	
0.300696	-0.101141	0.884597	-0.204481	-0.978016	-0.0408928	0.0258473	0.0363663	-0.999004	0.978529	-0.205334	0.0178428	
0.300687	-0.0994449	0.885245	-0.201171	-0.978731	-0.0401953	0.0271696	0.0354433	-0.999002	0.979179	-0.202062	0.0194616	
0.300671	-0.0977464	0.885894	-0.197857	-0.979435	-0.0394946	0.0284993	0.0345263	-0.998997	0.979817	-0.198784	0.0210819	
0.300646	-0.0960459	0.886543	-0.194539	-0.980128	-0.0387906	0.0298362	0.0336151	-0.998989	0.980441	-0.195499	0.0227039	
0.300613	-0.0943434	0.887191	-0.191217	-0.980809	-0.0380834	0.0311804	0.03271	-0.998978	0.981052	-0.192209	0.0243273	
0.300571	-0.0926391	0.887839	-0.187891	-0.981479	-0.0373729	0.0325317	0.0318109	-0.998964	0.981651	-0.188912	0.0259522	
0.300521	-0.090933	0.888487	-0.184562	-0.982137	-0.0366592	0.0338901	0.0309181	-0.998947	0.982236	-0.18561	0.0275784	
0.300463	-0.0892251	0.889135	-0.181229	-0.982784	-0.0359423	0.0352554	0.0300314	-0.998927	0.982809	-0.182302	0.0292059	
0.300396	-0.0875156	0.889783	-0.177893	-0.983419	-0.0352221	0.0366276	0.029151	-0.998904	0.983368	-0.178989	0.0308345	
0.300321	-0.0858046	0.89043	-0.174554	-0.984043	-0.0344988	0.0380067	0.0282771	-0.998877	0.983914	-0.17567	0.0324643	
0.300237	-0.0840921	0.891077	-0.171213	-0.984655	-0.0337723	0.0393924	0.0274095	-0.998848	0.984446	-0.172346	0.0340951	
0.300145	-0.0823782	0.891723	-0.167868	-0.985256	-0.0330427	0.0407848	0.0265485	-0.998815	0.984966	-0.169016	0.0357268	
0.300045	-0.080663	0.892369	-0.16452	-0.985844	-0.0323098	0.0421838	0.025694	-0.998779	0.985471	-0.165682	0.0373594	
0.299935	-0.0789466	0.893015	-0.16117	-0.986421	-0.0315739	0.0435892	0.0248462	-0.998741	0.985964	-0.162343	0.0389928	
0.299818	-0.077229	0.89366	-0.157817	-0.986987	-0.0308348	0.045001	0.0240051	-0.998698	0.986442	-0.159	0.040627	
0.299692	-0.0755103	0.894304	-0.154463	-0.98754	-0.0300926	0.0464191	0.0231708	-0.998653	0.986908	-0.155651	0.0422617	
0.299557	-0.0737907	0.894948	-0.151106	-0.988082	-0.0293473	0.0478434	0.0223433	-0.998605	0.987359	-0.152299	0.043897	
0.299414	-0.0720702	0.895591	-0.147747	-0.988612	-0.028599	0.0492738	0.0215227	-0.998553	0.987797	-0.148942	0.0455327	
0.299263	-0.0703488	0.896234	-0.144386	-0.98913	-0.0278476	0.0507102	0.020709	-0.998499	0.988221	-0.145581	0.0471689	
0.299103	-0.0686267	0.896876	-0.141023	-0.989635	-0.0270931	0.0521526	0.0199024	-0.998441	0.988632	-0.142216	0.0488053	
0.298934	-0.066904	0.897517	-0.137659	-0.990129	-0.0263356	0.0536008	0.0191028	-0.99838	0.989028	-0.138848	0.050442	
0.298757	-0.0651807	0.898158	-0.134294	-0.990611	-0.0255751	0.0550547	0.0183104	-0.998315	0.989411	-0.135475	0.0520788	
0.298571	-0.0634568	0.898798	-0.130927	-0.991082	-0.0248116	0.0565142	0.0175252	-0.998248	0.98978	-0.1321	0.0537157	
0.298377	-0.0617326	0.899436	-0.127559	-0.991539	-0.0240451	0.0579793	0.0167472	-0.998177	0.990135	-0.12872	0.0553526	
0.298175	-0.0600081	0.900075	-0.12419	-0.991985	-0.0232757	0.0594499	0.0159765	-0.998103	0.990476	-0.125338	0.0569893	
0.297964	-0.0582833	0.900712	-0.12082	-0.992419	-0.0225033	0.0609258	0.0152131	-0.998026	0.990803	-0.121953	0.0586259	
0.297744	-0.0565584	0.901348	-0.11745	-0.992841	-0.021728	0.062407	0.0144572	-0.997946	0.991116	-0.118564	0.0602622	
0.297516	-0.0548334	0.901983	-0.114079	-0.993251	-0.0209498	0.0638933	0.0137087	-0.997863	0.991415	-0.115173	0.0618982	
0.297279	-0.0531084	0.902618	-0.110707	-0.993648	-0.0201687	0.0653846	0.0129677	-0.997776	0.9917	-0.11178	0.0635337	
0.297034	-0.0513835	0.903251	-0.107335	-0.994034	-0.0193848	0.066881	0.0122342	-0.997686	0.991971	-0.108384	0.0651688	
0.296781	-0.0496588	0.903883	-0.103964	-0.994407	-0.018598	0.0683821	0.0115083	-0.997593	0.992228	-0.104985	0.0668032	
0.296519	-0.0479343	0.904514	-0.100592	-0.994768	-0.0178084	0.069888	0.0107901	-0.997496	0.99247	-0.101585	0.068437	
0.296249	-0.0462102	0.905144	-0.0972202	-0.995117	-0.017016	0.0713986	0.0100795	-0.997397	0.992699	-0.0981821	0.07007	
0.29597	-0.0444865	0.905773	-0.093849	-0.995454	-0.0162208	0.0729136	0.00937669	-0.997294	0.992913	-0.0947777	0.0717022	
0.295683	-0.0427634	0.9064	-0.0904782	-0.995779	-0.0154229	0.0744332	0.00868161	-0.997188	0.993113	-0.0913717	0.0733335	
0.295387	-0.0410408	0.907027	-0.087108	-0.996092	-0.0146223	0.075957	0.00799434	-0.997079	0.993299	-0.0879642	0.0749638	
0.295083	-0.0393189	0.907652	-0.0837386	-0.996392	-0.0138189	0.0774851	0.0073149	-0.996967	0.993471	-0.0845553	0.076593	
0.294771	-0.0375977	0.908275	-0.0803701	-0.99668	-0.0130129	0.0790173	0.00664334	-0.996851	0.993628	-0.0811452	0.078221	
0.29445	-0.0358774	0.908898	-0.0770026	-0.996956	-0.0122042	0.0805535	0.00597969	-0.996732	0.993771	-0.0777341	0.0798479	
0.294121	-0.0341581	0.909519	-0.0736363	-0.99722	-0.0113929	0.0820936	0.00532398	-0.99661	0.993901	-0.074322	0.0814734	
0.293784	-0.0324397	0.910138	-0.0702714	-0.997472	-0.0105789	0.0836375	0.00467625	-0.996485	0.994015	-0.0709092	0.0830975	
0.293438	-0.0307224	0.910757	-0.066908	-0.997711	-0.00976243	0.0851852	0.00403653	-0.996357	0.994116	-0.0674959	0.0847201	
0.293084	-0.0290063	0.911373	-0.0635462	-0.997939	-0.00894335	0.0867363	0.00340485	-0.996225	0.994203	-0.0640821	0.0863412	
0.292722	-0.0272915	0.911988	-0.0601862	-0.998154	-0.00812174	0.088291	0.00278123	-0.996091	0.994275	-0.060668	0.0879607	
0.292352	-0.025578	0.912602	-0.0568281	-0.998357	-0.00729763	0.0898491	0.0021657	-0.995953	0.994333	-0.0572538	0.0895784	
0.291973	-0.0238659	0.913214	-0.053472	-0.998548	-0.00647103	0.0914104	0.00155829	-0.995812	0.994377	-0.0538396	0.0911944	
0.291587	-0.0221553	0.913825	-0.0501182	-0.998727	-0.00564197	0.0929748	0.000959023	-0.995668	0.994406	-0.0504256	0.0928085	
0.291192	-0.0204462	0.914434	-0.0467667	-0.998894	-0.00481049	0.0945424	0.00036792	-0.995521	0.994422	-0.047012	0.0944206	
0.290789	-0.0187389	0.915041	-0.0434177	-0.999049	-0.00397661	0.0961128	-0.000214997	-0.99537	0.994423	-0.0435989	0.0960307	
0.290379	-0.0170332	0.915646	-0.0400713	-0.999192	-0.00314036	0.0976861	-0.000789708	-0.995217	0.99441	-0.0401864	0.0976388	
0.28996	-0.0153294	0.91625	-0.0367277	-0.999323	-0.00230176	0.0992621	-0.0013562	-0.99506	0.994383	-0.0367747	0.0992447	
0.289533	-0.0136274	0.916852	-0.0333869	-0.999441	-0.00146084	0.100841	-0.00191444	-0.994901	0.994342	-0.033364	0.100848	
0.289098	-0.0119275	0.917452	-0.0300493	-0.999548	-0.000617632	0.102422	-0.00246443	-0.994738	0.994287	-0.0299544	0.10245	
0.288655	-0.0102295	0.918051	-0.0267148	-0.999643	0.000227837	0.104005	-0.00300615	-0.994572	0.994218	-0.0265461	0.104048	
0.288205	-0.00853372	0.918647	-0.0233836	-0.999726	0.00107554	0.105591	-0.00353959	-0.994403	0.994135	-0.0231391	0.105645	
0.287746	-0.00684012	0.919242	-0.0200558	-0.999797	0.00192544	0.107179	-0.00406473	-0.994231	0.994037	-0.0197338	0.107239	
0.28728	-0.00514879	0.919835	-0.0167317	-0.999856	0.00277752	0.108769	-0.00458156	-0.994056	0.993926	-0.0163302	0.10883	
0.286806	-0.00345981	0.920426	-0.0134113	-0.999903	0.00363174	0.110361	-0.00509008	-0.993879	0.993801	-0.0129284	0.110419	
0.286324	-0.00177325	0.921015	-0.0100947	-0.999939	0.00448807	0.111955	-0.00559028	-0.993698	0.993662	-0.00952863	0.112005	
0.285835	-8.91989e-05	0.921601	-0.00678213	-0.999963	0.00534649	0.113551	-0.00608215	-0.993514	0.993509	-0.00613105	0.113588	
0.285338	0.00159228	0.922186	-0.00347367	-0.999975	0.00620696	0.115148	-0.00656569	-0.993327	0.993342	-0.00273578	0.115168	
0.285358	0.00153129	0.922162	-0.00359364	-0.999974	0.00617575	0.115083	-0.00654831	-0.993334	0.993349	-0.00285897	0.115103	
0.285357	0.00153358	0.922163	-0.00358915	-0.999974	0.00617691	0.115085	-0.00654896	-0.993334	0.993349	-0.00285435	0.115106	
0.285357	0.00153349	0.922163	-0.00358932	-0.999974	0.00617687	0.115085	-0.00654894	-0.993334	0.993349	-0.00285453	0.115106	
0.285357	0.00153349	0.922163	-0.00358931	-0.999974	0.00617687	0.115085	-0.00654894	-0.993334	0.993349	-0.00285452	0.115106	
0.285357	0.00153349	0.922163	-0.00358931	-0.999974	0.00617687	0.115085	-0.00654894	-0.993334	0.993349	-0.00285452	0.115106	
0.285357	0.00153349	0.922163	-0.00358931	-0.999974	0.00617687	0.115085	-0.00654894	-0.993334	0.993349	-0.00285452	0.115106	
0.285357	0.00153349	0.922163	-0.00358931	-0.999974	0.00617687	0.115085	-0.00654894	-0.993334	0.993349	-0.00285452	0.115106	
0.285357	0.00153349	0.922163	-0.00358931	-0.999974	0.00617687	0.115085	-0.00654894	-0.993334	0.993349	-0.00285452	0.115106	
0.285357	0.00153349	0.922163	-0.00358931	-0.999974	0.00617687	0.115085	-0.00654894	-0.993334	0.993349	-0.00285452	0.115106	
0.285357	0.00153349	0.922163	-0.00358931	-0.999974	0.00617687	0.115085	-0.00654894	-0.993334	0.993349	-0.00285452	0.115106	
0.285357	0.00153349	0.922163	-0.00358931	-0.999974	0.00617687	0.115085	-0.00654894	-0.993334	0.993349	-0.00285452	0.115106	
0.285357	0.00153349	0.922163	-0.00358931	-0.999974	0.00617687	0.115085	-0.00654894	-0.993334	0.993349	-0.00285452	0.115106	
0.285357	0.00153349	0.922163	-0.00358931	-0.999974	0.00617687	0.115085	-0.00654894	-0.993334	0.993349	-0.00285452	0.115106	
0.285357	0.00153349	0.922163	-0.00358931	-0.999974	0.00617687	0.115085	-0.00654894	-0.993334	0.993349	-0.00285452	0.115106	
0.285357	0.00153349	0.922163	-0.00358931	-0.999974	0.00617687	0.115085	-0.00654894	-0.993334	0.993349	-0.00285452	0.115106	
0.285357	0.00153349	0.922163	-0.00358931	-0.999974	0.00617687	0.115085	-0.00654894	-0.993334	0.993349	-0.00285452	0.115106	
0.285357	0.00153349	0.922163	-0.00358931	-0.999974	0.00617687	0.115085	-0.00654894	-0.993334	0.993349	-0.00285452	0.115106	
0.285357	0.00153349	0.922163	-0.00358931	-0.999974	0.00617687	0.115085	-0.00654894	-0.993334	0.993349	-0.00285452	0.115106	
0.285357	0.00153349	0.922163	-0.00358931	-0.999974	0.00617687	0.115085	-0.00654894	-0.993334	0.993349	-0.00285452	0.115106	
0.285357	0.00153349	0.922163	-0.00358931	-0.999974	0.00617687	0.115085	-0.00654894	-0.993334	0.993349	-0.00285452	0.115106	
0.285357	0.00153349	0.922163	-0.00358931	-0.999974	0.00617687	0.115085	-0.00654894	-0.993334	0.993349	-0.00285452	0.115106	
0.285357	0.00153349	0.922163	-0.00358931	-0.999974	0.00617687	0.115085	-0.00654894	-0.993334	0.993349	-0.00285452	0.115106	
0.285357	0.00153349	0.922163	-0.00358931	-0.999974	0.00617687	0.115085	-0.00654894	-0.993334	0.993349	-0.00285452	0.115106	
0.285357	0.00153349	0.922163	-0.00358931	-0.999974	0.00617687	0.115085	-0.00654894	-0.993334	0.993349	-0.00285452	0.115106	
0.285357	0.00153349	0.922163	-0.00358931	-0.999974	0.00617687	0.115085	-0.00654894	-0.993334	0.993349	-0.00285452	0.115106	
0.285357	0.00153349	0.922163	-0.00358931	-0.999974	0.00617687	0.115085	-0.00654894	-0.993334	0.993349	-0.00285452	0.115106	
0.285357	0.00153349	0.922163	-0.00358931	-0.999974	0.00617687	0.115085	-0.00654894	-0.993334	0.993349	-0.00285452	0.115106	
0.285357	0.00153349	0.922163	-0.00358931	-0.999974	0.00617687	0.115085	-0.00654894	-0.993334	0.993349	-0.00285452	0.115106	
0.285357	0.00153349	0.922163	-0.00358931	-0.999974	0.00617687	0.115085	-0.00654894	-0.993334	0.993349	-0.00285452	0.115106	
0.285357	0.00153349	0.922163	-0.00358931	-0.999974	0.00617687	0.115085	-0.00654894	-0.993334	0.993349	-0.00285452	0.115106	
0.285357	0.00153349	0.922163	-0.00358931	-0.999974	0.00617687	0.115085	-0.00654894	-0.993334	0.993349	-0.00285452	0.115106	
