0.319222	-0.000318288	0.878312	-0.000723982	-1	0.000306155	4.05888e-05	-0.000306185	-1	1	-0.00072397	4.08105e-05	
0.319395	-0.000637008	0.878035	-0.0014504	-0.999999	0.000635916	-0.000715683	-0.000634878	-1	0.999999	-0.00145085	-0.000714761	
0.319568	-0.000955769	0.877758	-0.00217629	-0.999997	0.000982176	-0.00147252	-0.000978972	-0.999998	0.999997	-0.00217774	-0.00147039	
0.31974	-0.00127457	0.877481	-0.00290164	-0.999995	0.0013443	-0.00222996	-0.00133783	-0.999997	0.999993	-0.00290463	-0.00222607	
0.319912	-0.00159341	0.877204	-0.00362641	-0.999992	0.00172161	-0.00298803	-0.00171077	-0.999994	0.999989	-0.00363153	-0.0029818	
0.320084	-0.00191229	0.876927	-0.00435055	-0.999988	0.00211339	-0.00374676	-0.00209709	-0.999991	0.999984	-0.00435843	-0.00373759	
0.320255	-0.00223121	0.876649	-0.00507405	-0.999984	0.00251888	-0.00450616	-0.00249602	-0.999987	0.999977	-0.00508533	-0.00449343	
0.320426	-0.00255017	0.876372	-0.00579687	-0.999979	0.0029373	-0.00526628	-0.00290678	-0.999982	0.999969	-0.00581224	-0.00524932	
0.320596	-0.00286917	0.876094	-0.006519	-0.999973	0.00336781	-0.00602712	-0.00332853	-0.999976	0.999961	-0.00653914	-0.00600525	
0.320767	-0.0031882	0.875816	-0.0072404	-0.999967	0.00380955	-0.0067887	-0.00376041	-0.99997	0.999951	-0.00726605	-0.00676124	
0.320936	-0.00350727	0.875538	-0.00796107	-0.999959	0.00426161	-0.00755104	-0.0042015	-0.999963	0.99994	-0.00799295	-0.00751728	
0.321106	-0.00382638	0.87526	-0.00868098	-0.999951	0.00472304	-0.00831415	-0.00465088	-0.999955	0.999928	-0.00871985	-0.00827337	
0.321275	-0.00414553	0.874982	-0.00940011	-0.999942	0.00519289	-0.00907803	-0.00510757	-0.999946	0.999915	-0.00944675	-0.0090295	
0.321443	-0.00446472	0.874704	-0.0101185	-0.999933	0.00567013	-0.0098427	-0.00557055	-0.999936	0.9999	-0.0101736	-0.00978568	
0.321611	-0.00478394	0.874425	-0.010836	-0.999922	0.00615373	-0.0106082	-0.00603879	-0.999925	0.999885	-0.0109005	-0.0105419	
0.321779	-0.00510319	0.874147	-0.0115528	-0.999911	0.00664261	-0.0113744	-0.00651121	-0.999914	0.999869	-0.0116274	-0.0112982	
0.321946	-0.00542249	0.873868	-0.0122688	-0.999899	0.00713567	-0.0121414	-0.00698671	-0.999902	0.999851	-0.0123543	-0.0120545	
0.322114	-0.00574181	0.87359	-0.0129841	-0.999887	0.00763177	-0.0129092	-0.00746415	-0.999889	0.999832	-0.0130811	-0.0128108	
0.32228	-0.00606118	0.873311	-0.0136985	-0.999873	0.00812974	-0.0136778	-0.00794237	-0.999875	0.999813	-0.013808	-0.0135672	
0.322446	-0.00638057	0.873032	-0.0144122	-0.999859	0.0086284	-0.0144471	-0.00842017	-0.99986	0.999792	-0.0145348	-0.0143237	
0.322612	-0.00670001	0.872753	-0.0151251	-0.999844	0.00912652	-0.0152171	-0.00889633	-0.999845	0.99977	-0.0152616	-0.0150802	
0.322778	-0.00701947	0.872474	-0.0158373	-0.999828	0.00962285	-0.0159878	-0.0093696	-0.999828	0.999747	-0.0159885	-0.0158367	
0.322943	-0.00733897	0.872194	-0.0165488	-0.999812	0.0101161	-0.0167592	-0.00983872	-0.999811	0.999723	-0.0167153	-0.0165932	
0.323107	-0.00765851	0.871915	-0.0172597	-0.999795	0.010605	-0.0175313	-0.0103024	-0.999793	0.999697	-0.017442	-0.0173498	
0.323272	-0.00797808	0.871635	-0.0179699	-0.999777	0.0110883	-0.0183039	-0.0107593	-0.999775	0.999671	-0.0181688	-0.0181065	
0.323436	-0.00829768	0.871356	-0.0186795	-0.999759	0.0115645	-0.0190771	-0.011208	-0.999755	0.999644	-0.0188955	-0.0188632	
0.323599	-0.00861731	0.871076	-0.0193886	-0.99974	0.0120323	-0.0198509	-0.0116473	-0.999735	0.999615	-0.0196223	-0.0196199	
0.323762	-0.00893697	0.870796	-0.0200971	-0.99972	0.0124904	-0.0206251	-0.0120757	-0.999714	0.999585	-0.020349	-0.0203766	
0.323925	-0.00925667	0.870516	-0.0208052	-0.9997	0.0129373	-0.0213997	-0.0124919	-0.999693	0.999554	-0.0210757	-0.0211334	
0.324087	-0.0095764	0.870236	-0.0215129	-0.999679	0.0133717	-0.0221747	-0.0128944	-0.999671	0.999523	-0.0218023	-0.0218902	
0.324249	-0.00989615	0.869956	-0.0222203	-0.999658	0.013792	-0.02295	-0.0132817	-0.999648	0.99949	-0.022529	-0.0226471	
0.324411	-0.0102159	0.869676	-0.0229274	-0.999636	0.0141968	-0.0237256	-0.0136525	-0.999625	0.999456	-0.0232556	-0.0234039	
0.324572	-0.0105358	0.869396	-0.0236342	-0.999614	0.0145848	-0.0245013	-0.0140053	-0.999602	0.99942	-0.0239822	-0.0241608	
0.324733	-0.0108556	0.869115	-0.024341	-0.999592	0.0149543	-0.0252771	-0.0143386	-0.999578	0.999384	-0.0247087	-0.0249178	
0.324894	-0.0111755	0.868834	-0.0250478	-0.999569	0.0153039	-0.026053	-0.0146508	-0.999553	0.999347	-0.0254353	-0.0256748	
0.325054	-0.0114954	0.868554	-0.0257545	-0.999546	0.0156322	-0.0268287	-0.0149406	-0.999528	0.999308	-0.0261618	-0.0264318	
0.325213	-0.0118153	0.868273	-0.0264615	-0.999523	0.0159375	-0.0276044	-0.0152064	-0.999503	0.999269	-0.0268883	-0.0271888	
0.325372	-0.0121353	0.867992	-0.0271686	-0.999499	0.0162185	-0.0283797	-0.0154467	-0.999478	0.999228	-0.0276147	-0.0279459	
0.325531	-0.0124553	0.867711	-0.0278761	-0.999476	0.0164735	-0.0291548	-0.01566	-0.999452	0.999186	-0.0283411	-0.0287029	
0.32569	-0.0127753	0.86743	-0.0285841	-0.999452	0.0167011	-0.0299294	-0.0158447	-0.999426	0.999143	-0.0290675	-0.0294601	
0.325771	-0.0130948	0.867194	-0.0292949	-0.999428	0.0168968	-0.0305634	-0.0160005	-0.999405	0.999103	-0.0297939	-0.0300772	
0.325709	-0.0134131	0.867043	-0.0300108	-0.999404	0.0170578	-0.0309392	-0.0161285	-0.999391	0.999071	-0.0305203	-0.0304368	
0.325648	-0.0137313	0.866891	-0.0307275	-0.99938	0.0171913	-0.0313145	-0.0162284	-0.999378	0.999037	-0.0312467	-0.0307964	
0.325586	-0.0140495	0.866739	-0.0314449	-0.999356	0.0172959	-0.0316891	-0.0162989	-0.999365	0.999003	-0.0319731	-0.0311561	
0.325524	-0.0143677	0.866587	-0.0321633	-0.999332	0.0173702	-0.0320628	-0.0163386	-0.999352	0.998968	-0.0326994	-0.0315159	
0.325461	-0.0146858	0.866435	-0.0328826	-0.999308	0.0174128	-0.0324356	-0.0163461	-0.99934	0.998933	-0.0334257	-0.0318757	
0.325399	-0.0150038	0.866283	-0.0336029	-0.999283	0.0174224	-0.0328074	-0.01632	-0.999328	0.998897	-0.034152	-0.0322355	
0.325336	-0.0153218	0.866131	-0.0343244	-0.999259	0.0173975	-0.0331781	-0.0162589	-0.999317	0.99886	-0.0348782	-0.0325954	
0.325273	-0.0156397	0.865979	-0.0350471	-0.999235	0.0173368	-0.0335474	-0.0161614	-0.999306	0.998822	-0.0356044	-0.0329554	
0.32521	-0.0159576	0.865827	-0.0357711	-0.999211	0.0172388	-0.0339154	-0.0160262	-0.999296	0.998784	-0.0363306	-0.0333153	
0.325147	-0.0162754	0.865675	-0.0364964	-0.999187	0.0171022	-0.0342818	-0.0158518	-0.999286	0.998746	-0.0370567	-0.0336754	
0.325083	-0.0165931	0.865522	-0.0372233	-0.999164	0.0169256	-0.0346465	-0.0156368	-0.999277	0.998706	-0.0377828	-0.0340355	
0.325019	-0.0169108	0.86537	-0.0379517	-0.99914	0.0167076	-0.0350094	-0.0153799	-0.999269	0.998666	-0.0385089	-0.0343956	
0.324955	-0.0172285	0.865218	-0.0386818	-0.999116	0.0164468	-0.0353703	-0.0150798	-0.99926	0.998625	-0.0392349	-0.0347558	
0.324891	-0.017546	0.865065	-0.0394136	-0.999093	0.0161418	-0.0357292	-0.0147349	-0.999253	0.998584	-0.0399609	-0.035116	
0.324826	-0.0178636	0.864913	-0.0401473	-0.999069	0.0157913	-0.0360857	-0.014344	-0.999246	0.998542	-0.0406868	-0.0354762	
0.324762	-0.018181	0.86476	-0.0408829	-0.999045	0.0153939	-0.0364399	-0.0139057	-0.999239	0.998499	-0.0414127	-0.0358366	
0.324697	-0.0184984	0.864607	-0.0416206	-0.999022	0.0149482	-0.0367914	-0.0134186	-0.999233	0.998456	-0.0421386	-0.0361969	
0.324632	-0.0188158	0.864454	-0.0423593	-0.998997	0.0144823	-0.0371415	-0.0129108	-0.999227	0.998412	-0.0428644	-0.0365573	
0.324566	-0.019133	0.864302	-0.0430984	-0.998973	0.0140164	-0.0374908	-0.0124024	-0.99922	0.998367	-0.0435902	-0.0369178	
0.324501	-0.0194503	0.864149	-0.0438377	-0.998947	0.0135505	-0.0378395	-0.0118935	-0.999213	0.998322	-0.044316	-0.0372783	
0.324435	-0.0197674	0.863996	-0.0445774	-0.99892	0.0130844	-0.0381875	-0.011384	-0.999206	0.998276	-0.0450417	-0.0376388	
0.324369	-0.0200845	0.863843	-0.0453174	-0.998893	0.0126183	-0.0385349	-0.010874	-0.999198	0.998229	-0.0457673	-0.0379994	
0.324303	-0.0204016	0.863689	-0.0460578	-0.998865	0.0121522	-0.0388815	-0.0103633	-0.99919	0.998182	-0.046493	-0.0383601	
0.324237	-0.0207186	0.863536	-0.0467984	-0.998836	0.011686	-0.0392275	-0.00985216	-0.999182	0.998134	-0.0472185	-0.0387208	
0.32417	-0.0210355	0.863383	-0.0475394	-0.998806	0.0112198	-0.0395728	-0.00934041	-0.999173	0.998085	-0.0479441	-0.0390815	
0.324103	-0.0213524	0.86323	-0.0482806	-0.998776	0.0107535	-0.0399174	-0.00882811	-0.999164	0.998036	-0.0486695	-0.0394423	
0.324036	-0.0216692	0.863076	-0.0490222	-0.998745	0.0102872	-0.0402613	-0.00831524	-0.999155	0.997986	-0.049395	-0.0398031	
0.323969	-0.0219859	0.862923	-0.0497641	-0.998713	0.00982082	-0.0406045	-0.00780182	-0.999145	0.997935	-0.0501203	-0.040164	
0.323902	-0.0223026	0.862769	-0.0505063	-0.99868	0.0093544	-0.0409471	-0.00728784	-0.999135	0.997884	-0.0508457	-0.0405249	
0.323834	-0.0226192	0.862616	-0.0512489	-0.998646	0.00888792	-0.0412889	-0.0067733	-0.999124	0.997832	-0.0515709	-0.0408859	
0.323766	-0.0229358	0.862462	-0.0519917	-0.998612	0.0084214	-0.0416301	-0.0062582	-0.999113	0.997779	-0.0522962	-0.0412469	
0.323698	-0.0232523	0.862309	-0.0527348	-0.998577	0.00795483	-0.0419705	-0.00574256	-0.999102	0.997726	-0.0530213	-0.041608	
0.32363	-0.0235687	0.862155	-0.0534783	-0.998541	0.00748822	-0.0423103	-0.00522636	-0.999091	0.997672	-0.0537465	-0.0419691	
0.323561	-0.0238851	0.862001	-0.054222	-0.998504	0.00702156	-0.0426494	-0.0047096	-0.999079	0.997618	-0.0544715	-0.0423302	
0.323492	-0.0242014	0.861847	-0.0549661	-0.998467	0.00655486	-0.0429878	-0.0041923	-0.999067	0.997562	-0.0551966	-0.0426914	
0.323423	-0.0245176	0.861693	-0.0557104	-0.998428	0.00608811	-0.0433255	-0.00367444	-0.999054	0.997507	-0.0559215	-0.0430527	
0.323354	-0.0248338	0.861539	-0.0564551	-0.998389	0.00562131	-0.0436625	-0.00315604	-0.999041	0.99745	-0.0566464	-0.043414	
0.323283	-0.02515	0.86139	-0.0572002	-0.998349	0.00515434	-0.0439911	-0.00263738	-0.999028	0.997393	-0.0573714	-0.0437676	
0.323168	-0.0254669	0.861381	-0.0579511	-0.998308	0.00468294	-0.0440828	-0.00212733	-0.999026	0.997346	-0.0581011	-0.0438849	
0.32303	-0.0257842	0.861444	-0.058705	-0.998267	0.00420912	-0.0440541	-0.00162165	-0.999028	0.997303	-0.0588333	-0.0438825	
0.32288	-0.0261017	0.861544	-0.0594603	-0.998224	0.0037339	-0.043963	-0.00111822	-0.999033	0.997262	-0.059567	-0.0438184	
0.322724	-0.0264194	0.861663	-0.0602165	-0.99818	0.00325778	-0.0438384	-0.000615971	-0.999038	0.997222	-0.0603014	-0.0437215	
0.322564	-0.026737	0.861793	-0.0609732	-0.998136	0.00278102	-0.0436947	-0.000114365	-0.999045	0.997183	-0.0610365	-0.0436063	
0.322401	-0.0270547	0.861929	-0.0617302	-0.99809	0.00230374	-0.0435392	0.000386869	-0.999052	0.997143	-0.061772	-0.0434799	
0.322237	-0.0273724	0.862071	-0.0624874	-0.998044	0.00182601	-0.0433753	0.000887862	-0.999058	0.997103	-0.0625078	-0.043346	
0.322072	-0.0276901	0.862215	-0.0632448	-0.997997	0.00134785	-0.043205	0.00138868	-0.999065	0.997062	-0.0632439	-0.0432063	
0.321905	-0.0280078	0.862362	-0.0640024	-0.997949	0.000869294	-0.043029	0.00188935	-0.999072	0.997022	-0.0639804	-0.0430617	
0.321737	-0.0283255	0.862512	-0.0647601	-0.997901	0.000390333	-0.0428479	0.00238988	-0.999079	0.996981	-0.0647172	-0.0429128	
0.321568	-0.0286432	0.862665	-0.065518	-0.997851	-8.90296e-05	-0.0426619	0.00289028	-0.999085	0.996939	-0.0654542	-0.0427596	
0.321398	-0.0289609	0.862819	-0.0662759	-0.997801	-0.000568795	-0.042471	0.00339054	-0.999092	0.996897	-0.0661916	-0.0426023	
0.321227	-0.0292786	0.862976	-0.067034	-0.99775	-0.00104896	-0.0422752	0.00389065	-0.999098	0.996855	-0.0669293	-0.0424409	
0.321055	-0.0295963	0.863136	-0.0677923	-0.997698	-0.00152954	-0.0420747	0.00439062	-0.999105	0.996812	-0.0676672	-0.0422755	
0.320882	-0.029914	0.863297	-0.0685506	-0.997646	-0.00201053	-0.0418694	0.00489043	-0.999111	0.996769	-0.0684055	-0.0421061	
0.320708	-0.0302317	0.863462	-0.0693091	-0.997592	-0.00249194	-0.0416593	0.00539008	-0.999117	0.996725	-0.0691441	-0.0419325	
0.320532	-0.0305494	0.863628	-0.0700676	-0.997538	-0.00297376	-0.0414443	0.00588956	-0.999123	0.996681	-0.069883	-0.0417549	
0.320356	-0.0308671	0.863797	-0.0708263	-0.997483	-0.003456	-0.0412245	0.00638886	-0.999129	0.996636	-0.0706222	-0.0415732	
0.320178	-0.0311848	0.863968	-0.071585	-0.997427	-0.00393867	-0.0409999	0.00688797	-0.999135	0.996591	-0.0713617	-0.0413874	
0.32	-0.0315025	0.864142	-0.0723439	-0.99737	-0.00442177	-0.0407704	0.00738689	-0.999141	0.996546	-0.0721015	-0.0411975	
0.31982	-0.0318202	0.864318	-0.0731029	-0.997312	-0.00490531	-0.040536	0.00788562	-0.999147	0.9965	-0.0728417	-0.0410035	
0.319658	-0.0321374	0.864439	-0.0738602	-0.997254	-0.00538694	-0.0403933	0.00838885	-0.999149	0.99645	-0.0735797	-0.040902	
0.319505	-0.0324544	0.864531	-0.0746167	-0.997195	-0.00586769	-0.0402976	0.00889452	-0.999148	0.996398	-0.0743167	-0.0408483	
0.319356	-0.0327713	0.864609	-0.0753729	-0.997135	-0.0063481	-0.0402258	0.00940155	-0.999146	0.996344	-0.0750532	-0.0408192	
0.319209	-0.0330881	0.864678	-0.0761289	-0.997075	-0.00682842	-0.0401662	0.00990937	-0.999144	0.996289	-0.0757895	-0.0408031	
0.319064	-0.0334049	0.864744	-0.0768849	-0.997013	-0.00730882	-0.0401125	0.0104177	-0.999141	0.996233	-0.0765257	-0.0407936	
0.318919	-0.0337216	0.864808	-0.077641	-0.996951	-0.00778936	-0.0400617	0.0109264	-0.999137	0.996176	-0.077262	-0.0407878	
0.318774	-0.0340382	0.86487	-0.0783971	-0.996888	-0.00827009	-0.0400121	0.0114353	-0.999134	0.996119	-0.0779983	-0.040784	
0.318629	-0.0343548	0.864932	-0.0791534	-0.996824	-0.00875101	-0.0399629	0.0119445	-0.99913	0.996061	-0.0787348	-0.0407814	
0.318484	-0.0346714	0.864993	-0.0799097	-0.996759	-0.00923215	-0.0399137	0.0124539	-0.999126	0.996003	-0.0794713	-0.0407795	
0.318339	-0.0349879	0.865054	-0.080666	-0.996694	-0.00971351	-0.0398642	0.0129635	-0.999121	0.995944	-0.0802079	-0.0407781	
0.318193	-0.0353044	0.865115	-0.0814225	-0.996628	-0.0101951	-0.0398144	0.0134733	-0.999116	0.995884	-0.0809447	-0.0407772	
0.318048	-0.0356209	0.865175	-0.0821791	-0.99656	-0.0106769	-0.0397642	0.0139833	-0.999111	0.995824	-0.0816815	-0.0407766	
0.317902	-0.0359373	0.865235	-0.0829358	-0.996492	-0.0111589	-0.0397136	0.0144934	-0.999106	0.995763	-0.0824185	-0.0407764	
0.317756	-0.0362537	0.865295	-0.0836925	-0.996424	-0.0116412	-0.0396626	0.0150038	-0.9991	0.995702	-0.0831555	-0.0407764	
0.31761	-0.03657	0.865354	-0.0844494	-0.996354	-0.0121236	-0.039611	0.0155143	-0.999095	0.99564	-0.0838927	-0.0407768	
0.317464	-0.0368864	0.865414	-0.0852063	-0.996284	-0.0126063	-0.0395591	0.0160251	-0.999089	0.995578	-0.08463	-0.0407775	
0.317318	-0.0372026	0.865473	-0.0859634	-0.996212	-0.0130892	-0.0395066	0.016536	-0.999082	0.995515	-0.0853674	-0.0407785	
0.317171	-0.0375189	0.865532	-0.0867205	-0.99614	-0.0135723	-0.0394537	0.017047	-0.999076	0.995451	-0.0861049	-0.0407798	
0.317024	-0.0378351	0.86559	-0.0874777	-0.996067	-0.0140557	-0.0394004	0.0175583	-0.999069	0.995387	-0.0868424	-0.0407814	
0.316878	-0.0381513	0.865649	-0.088235	-0.995994	-0.0145393	-0.0393466	0.0180698	-0.999062	0.995322	-0.0875801	-0.0407833	
0.316731	-0.0384674	0.865707	-0.0889923	-0.995919	-0.015023	-0.0392923	0.0185814	-0.999055	0.995257	-0.0883179	-0.0407855	
0.316583	-0.0387835	0.865765	-0.0897498	-0.995844	-0.0155071	-0.0392375	0.0190932	-0.999047	0.995191	-0.0890558	-0.040788	
0.316436	-0.0390995	0.865823	-0.0905073	-0.995767	-0.0159913	-0.0391823	0.0196052	-0.99904	0.995125	-0.0897938	-0.0407909	
0.316288	-0.0394156	0.86588	-0.0912649	-0.99569	-0.0164757	-0.0391266	0.0201174	-0.999032	0.995058	-0.0905319	-0.040794	
0.31614	-0.0397315	0.865938	-0.0920226	-0.995612	-0.0169604	-0.0390705	0.0206297	-0.999023	0.99499	-0.0912701	-0.0407974	
0.315992	-0.0400475	0.865995	-0.0927804	-0.995534	-0.0174453	-0.0390139	0.0211422	-0.999015	0.994922	-0.0920084	-0.0408012	
0.315844	-0.0403634	0.866052	-0.0935383	-0.995454	-0.0179304	-0.0389568	0.0216549	-0.999006	0.994853	-0.0927468	-0.0408053	
0.315696	-0.0406792	0.866108	-0.0942962	-0.995374	-0.0184157	-0.0388992	0.0221678	-0.998997	0.994784	-0.0934853	-0.0408096	
0.315547	-0.0409951	0.866165	-0.0950543	-0.995293	-0.0189012	-0.0388412	0.0226809	-0.998988	0.994714	-0.0942239	-0.0408143	
0.315399	-0.0413109	0.866221	-0.0958124	-0.995211	-0.019387	-0.0387827	0.0231941	-0.998978	0.994644	-0.0949626	-0.0408193	
0.31525	-0.0416266	0.866277	-0.0965705	-0.995128	-0.019873	-0.0387238	0.0237075	-0.998969	0.994573	-0.0957014	-0.0408246	
0.315101	-0.0419423	0.866333	-0.0973288	-0.995044	-0.0203591	-0.0386644	0.0242211	-0.998959	0.994501	-0.0964403	-0.0408302	
0.314952	-0.042258	0.866388	-0.0980871	-0.994959	-0.0208455	-0.0386045	0.0247349	-0.998948	0.994429	-0.0971792	-0.0408361	
0.314802	-0.0425736	0.866443	-0.0988455	-0.994874	-0.0213322	-0.0385441	0.0252488	-0.998938	0.994356	-0.0979183	-0.0408423	
0.314653	-0.0428892	0.866498	-0.099604	-0.994788	-0.021819	-0.0384833	0.0257629	-0.998927	0.994283	-0.0986574	-0.0408488	
0.314503	-0.0432047	0.866553	-0.100363	-0.994701	-0.022306	-0.038422	0.0262772	-0.998916	0.994209	-0.0993967	-0.0408556	
0.314353	-0.0435202	0.866608	-0.101121	-0.994613	-0.0227933	-0.0383602	0.0267917	-0.998905	0.994134	-0.100136	-0.0408628	
0.314203	-0.0438357	0.866662	-0.10188	-0.994524	-0.0232808	-0.038298	0.0273063	-0.998893	0.994059	-0.100875	-0.0408703	
0.314053	-0.0441511	0.866716	-0.102639	-0.994435	-0.0237684	-0.0382353	0.0278211	-0.998881	0.993984	-0.101615	-0.040878	
0.313902	-0.0444665	0.86677	-0.103397	-0.994344	-0.0242563	-0.0381721	0.0283361	-0.998869	0.993907	-0.102355	-0.0408861	
0.313752	-0.0447818	0.866824	-0.104156	-0.994253	-0.0247445	-0.0381085	0.0288512	-0.998857	0.993831	-0.103094	-0.0408945	
0.313601	-0.0450971	0.866878	-0.104915	-0.994161	-0.0252328	-0.0380443	0.0293665	-0.998844	0.993753	-0.103834	-0.0409032	
0.31345	-0.0454124	0.866931	-0.105674	-0.994068	-0.0257213	-0.0379797	0.029882	-0.998832	0.993675	-0.104574	-0.0409122	
0.313299	-0.0457276	0.866984	-0.106433	-0.993974	-0.0262101	-0.0379147	0.0303976	-0.998819	0.993597	-0.105314	-0.0409215	
0.313147	-0.0460428	0.867037	-0.107192	-0.99388	-0.026699	-0.0378491	0.0309135	-0.998805	0.993518	-0.106054	-0.0409312	
0.312996	-0.0463579	0.867089	-0.107952	-0.993784	-0.0271882	-0.0377831	0.0314294	-0.998792	0.993438	-0.106794	-0.0409411	
0.312844	-0.046673	0.867141	-0.108711	-0.993688	-0.0276776	-0.0377166	0.0319456	-0.998778	0.993358	-0.107534	-0.0409514	
0.312692	-0.046988	0.867193	-0.10947	-0.993591	-0.0281672	-0.0376497	0.0324619	-0.998764	0.993277	-0.108274	-0.040962	
0.31254	-0.047303	0.867245	-0.11023	-0.993493	-0.028657	-0.0375822	0.0329784	-0.998749	0.993195	-0.109015	-0.0409729	
0.312388	-0.047618	0.867297	-0.110989	-0.993394	-0.029147	-0.0375143	0.033495	-0.998735	0.993113	-0.109755	-0.0409841	
0.312236	-0.0479329	0.867348	-0.111749	-0.993294	-0.0296372	-0.0374459	0.0340118	-0.99872	0.993031	-0.110496	-0.0409956	
0.312083	-0.0482478	0.8674	-0.112508	-0.993194	-0.0301276	-0.037377	0.0345288	-0.998705	0.992948	-0.111236	-0.0410074	
0.311931	-0.0485626	0.86745	-0.113268	-0.993093	-0.0306182	-0.0373077	0.0350459	-0.998689	0.992864	-0.111977	-0.0410196	
0.311778	-0.0488774	0.867501	-0.114028	-0.99299	-0.0311091	-0.0372379	0.0355632	-0.998673	0.992779	-0.112718	-0.041032	
0.311625	-0.0491921	0.867552	-0.114787	-0.992887	-0.0316001	-0.0371676	0.0360807	-0.998657	0.992695	-0.113459	-0.0410448	
0.311471	-0.0495068	0.867602	-0.115547	-0.992783	-0.0320914	-0.0370968	0.0365983	-0.998641	0.992609	-0.1142	-0.0410579	
0.311318	-0.0498215	0.867652	-0.116307	-0.992679	-0.0325829	-0.0370256	0.0371161	-0.998625	0.992523	-0.114941	-0.0410713	
0.311164	-0.0501361	0.867702	-0.117067	-0.992573	-0.0330745	-0.0369538	0.0376341	-0.998608	0.992436	-0.115682	-0.0410851	
0.311011	-0.0504507	0.867751	-0.117827	-0.992467	-0.0335664	-0.0368816	0.0381522	-0.998591	0.992349	-0.116423	-0.0410991	
0.310857	-0.0507652	0.867801	-0.118587	-0.992359	-0.0340585	-0.0368089	0.0386704	-0.998574	0.992261	-0.117164	-0.0411135	
0.310703	-0.0510796	0.86785	-0.119347	-0.992251	-0.0345508	-0.0367358	0.0391888	-0.998556	0.992173	-0.117905	-0.0411282	
0.310548	-0.0513941	0.867899	-0.120107	-0.992142	-0.0350433	-0.0366621	0.0397074	-0.998539	0.992084	-0.118647	-0.0411432	
0.310394	-0.0517084	0.867947	-0.120867	-0.992032	-0.0355359	-0.036588	0.0402262	-0.99852	0.991994	-0.119388	-0.0411585	
0.310239	-0.0520228	0.867996	-0.121627	-0.991922	-0.0360288	-0.0365134	0.040745	-0.998502	0.991904	-0.120129	-0.0411741	
0.310084	-0.0523371	0.868044	-0.122387	-0.99181	-0.0365219	-0.0364383	0.0412641	-0.998484	0.991813	-0.120871	-0.0411901	
0.309929	-0.0526513	0.868092	-0.123148	-0.991698	-0.0370152	-0.0363627	0.0417833	-0.998465	0.991722	-0.121613	-0.0412064	
0.309774	-0.0529655	0.86814	-0.123908	-0.991585	-0.0375088	-0.0362867	0.0423027	-0.998446	0.99163	-0.122354	-0.041223	
0.309619	-0.0532796	0.868187	-0.124668	-0.99147	-0.0380025	-0.0362102	0.0428222	-0.998426	0.991538	-0.123096	-0.0412399	
0.309464	-0.0535937	0.868234	-0.125429	-0.991355	-0.0384964	-0.0361332	0.0433418	-0.998407	0.991444	-0.123838	-0.0412571	
0.309308	-0.0539078	0.868281	-0.126189	-0.99124	-0.0389905	-0.0360557	0.0438617	-0.998387	0.991351	-0.12458	-0.0412747	
0.309152	-0.0542218	0.868328	-0.12695	-0.991123	-0.0394848	-0.0359777	0.0443816	-0.998367	0.991256	-0.125322	-0.0412926	
0.308996	-0.0545358	0.868375	-0.12771	-0.991005	-0.0399793	-0.0358992	0.0449018	-0.998346	0.991162	-0.126064	-0.0413108	
0.30884	-0.0548497	0.868421	-0.128471	-0.990887	-0.040474	-0.0358203	0.045422	-0.998325	0.991066	-0.126806	-0.0413293	
0.308684	-0.0551635	0.868467	-0.129231	-0.990768	-0.0409689	-0.0357409	0.0459425	-0.998305	0.99097	-0.127548	-0.0413481	
0.308527	-0.0554774	0.868513	-0.129992	-0.990648	-0.041464	-0.035661	0.046463	-0.998283	0.990874	-0.12829	-0.0413673	
0.30837	-0.0557911	0.868559	-0.130753	-0.990527	-0.0419594	-0.0355806	0.0469838	-0.998262	0.990776	-0.129033	-0.0413868	
0.308213	-0.0561048	0.868604	-0.131513	-0.990405	-0.0424549	-0.0354997	0.0475046	-0.99824	0.990679	-0.129775	-0.0414066	
0.308056	-0.0564185	0.868649	-0.132274	-0.990282	-0.0429506	-0.0354183	0.0480257	-0.998218	0.99058	-0.130517	-0.0414267	
0.307899	-0.0567321	0.868694	-0.133035	-0.990159	-0.0434465	-0.0353365	0.0485468	-0.998196	0.990481	-0.13126	-0.0414472	
0.307742	-0.0570457	0.868739	-0.133796	-0.990034	-0.0439426	-0.0352542	0.0490682	-0.998173	0.990382	-0.132002	-0.0414679	
0.307584	-0.0573592	0.868783	-0.134557	-0.989909	-0.0444389	-0.0351713	0.0495896	-0.99815	0.990282	-0.132745	-0.041489	
0.307427	-0.0576727	0.868828	-0.135317	-0.989783	-0.0449354	-0.035088	0.0501112	-0.998127	0.990181	-0.133487	-0.0415105	
0.307269	-0.0579861	0.868872	-0.136078	-0.989656	-0.0454321	-0.0350043	0.050633	-0.998104	0.990079	-0.13423	-0.0415322	
0.307111	-0.0582995	0.868915	-0.136839	-0.989528	-0.0459289	-0.03492	0.0511549	-0.99808	0.989978	-0.134973	-0.0415543	
0.306953	-0.0586128	0.868959	-0.1376	-0.989399	-0.046426	-0.0348352	0.0516769	-0.998056	0.989875	-0.135715	-0.0415767	
0.306794	-0.0589261	0.869002	-0.138361	-0.98927	-0.0469233	-0.03475	0.0521991	-0.998032	0.989772	-0.136458	-0.0415994	
0.306636	-0.0592393	0.869045	-0.139122	-0.989139	-0.0474208	-0.0346642	0.0527214	-0.998007	0.989668	-0.137201	-0.0416225	
0.306477	-0.0595525	0.869088	-0.139883	-0.989008	-0.0479184	-0.034578	0.0532439	-0.997983	0.989564	-0.137944	-0.0416459	
0.306318	-0.0598656	0.869131	-0.140644	-0.988876	-0.0484163	-0.0344913	0.0537665	-0.997958	0.989459	-0.138687	-0.0416696	
0.306159	-0.0601787	0.869173	-0.141405	-0.988743	-0.0489143	-0.0344041	0.0542893	-0.997932	0.989354	-0.13943	-0.0416936	
0.306	-0.0604917	0.869215	-0.142166	-0.988609	-0.0494126	-0.0343164	0.0548122	-0.997907	0.989248	-0.140173	-0.0417179	
0.30584	-0.0608047	0.869257	-0.142927	-0.988474	-0.049911	-0.0342282	0.0553352	-0.997881	0.989141	-0.140916	-0.0417426	
0.305681	-0.0611176	0.869299	-0.143689	-0.988338	-0.0504097	-0.0341396	0.0558584	-0.997855	0.989034	-0.141659	-0.0417677	
0.305521	-0.0614305	0.86934	-0.14445	-0.988202	-0.0509085	-0.0340504	0.0563817	-0.997828	0.988926	-0.142403	-0.041793	
0.305361	-0.0617433	0.869381	-0.145211	-0.988064	-0.0514075	-0.0339608	0.0569052	-0.997802	0.988818	-0.143146	-0.0418187	
0.305201	-0.062056	0.869422	-0.145972	-0.987926	-0.0519067	-0.0338706	0.0574287	-0.997775	0.988709	-0.143889	-0.0418447	
0.305041	-0.0623687	0.869463	-0.146733	-0.987787	-0.0524061	-0.03378	0.0579525	-0.997748	0.988599	-0.144633	-0.041871	
0.30488	-0.0626814	0.869504	-0.147494	-0.987647	-0.0529056	-0.0336889	0.0584763	-0.99772	0.988489	-0.145376	-0.0418977	
0.30472	-0.062994	0.869544	-0.148256	-0.987506	-0.0534054	-0.0335973	0.0590003	-0.997692	0.988378	-0.146119	-0.0419246	
0.304559	-0.0633065	0.869584	-0.149017	-0.987364	-0.0539054	-0.0335052	0.0595244	-0.997664	0.988267	-0.146863	-0.041952	
0.304344	-0.0636212	0.869778	-0.149776	-0.987221	-0.0544193	-0.033151	0.0600234	-0.997646	0.988164	-0.14762	-0.0417174	
0.304129	-0.0639358	0.869973	-0.150536	-0.987077	-0.0549335	-0.032796	0.0605223	-0.997628	0.98806	-0.148377	-0.041483	
0.303914	-0.0642503	0.870167	-0.151295	-0.986932	-0.0554481	-0.0324404	0.061021	-0.997609	0.987956	-0.149134	-0.0412486	
0.303698	-0.0645649	0.870362	-0.152054	-0.986787	-0.0559631	-0.032084	0.0615196	-0.99759	0.987851	-0.149892	-0.0410144	
0.303483	-0.0648794	0.870556	-0.152813	-0.98664	-0.0564784	-0.0317269	0.062018	-0.997571	0.987746	-0.15065	-0.0407802	
0.303266	-0.0651938	0.87075	-0.153571	-0.986493	-0.056994	-0.0313691	0.0625163	-0.997551	0.98764	-0.151407	-0.0405461	
0.30305	-0.0655082	0.870944	-0.15433	-0.986344	-0.05751	-0.0310105	0.0630144	-0.997531	0.987533	-0.152166	-0.0403121	
0.302833	-0.0658226	0.871137	-0.155089	-0.986195	-0.0580264	-0.0306512	0.0635124	-0.99751	0.987425	-0.152924	-0.0400781	
0.302615	-0.0661369	0.871331	-0.155847	-0.986045	-0.0585431	-0.0302912	0.0640102	-0.997489	0.987317	-0.153682	-0.0398443	
0.302398	-0.0664512	0.871525	-0.156605	-0.985894	-0.0590602	-0.0299305	0.0645079	-0.997468	0.987208	-0.154441	-0.0396105	
0.30218	-0.0667655	0.871718	-0.157363	-0.985742	-0.0595776	-0.029569	0.0650054	-0.997447	0.987098	-0.1552	-0.0393769	
0.301962	-0.0670797	0.871911	-0.158121	-0.985589	-0.0600954	-0.0292068	0.0655028	-0.997425	0.986988	-0.155959	-0.0391433	
0.301743	-0.0673939	0.872104	-0.158879	-0.985436	-0.0606136	-0.0288439	0.066	-0.997403	0.986877	-0.156718	-0.0389098	
0.301524	-0.067708	0.872297	-0.159636	-0.985281	-0.061132	-0.0284802	0.0664971	-0.99738	0.986765	-0.157477	-0.0386764	
0.301305	-0.0680221	0.87249	-0.160394	-0.985126	-0.0616509	-0.0281159	0.0669941	-0.997357	0.986653	-0.158237	-0.0384431	
0.301086	-0.0683361	0.872683	-0.161151	-0.98497	-0.0621701	-0.0277508	0.0674908	-0.997334	0.986539	-0.158996	-0.0382099	
0.300866	-0.0686502	0.872875	-0.161908	-0.984812	-0.0626896	-0.0273849	0.0679874	-0.99731	0.986426	-0.159756	-0.0379768	
0.300646	-0.0689641	0.873068	-0.162666	-0.984655	-0.0632096	-0.0270184	0.0684839	-0.997286	0.986311	-0.160516	-0.0377437	
0.300425	-0.069278	0.87326	-0.163422	-0.984496	-0.0637298	-0.0266511	0.0689802	-0.997262	0.986196	-0.161276	-0.0375108	
0.300204	-0.0695919	0.873452	-0.164179	-0.984337	-0.0642326	-0.026286	0.0694587	-0.997238	0.98608	-0.162037	-0.0372779	
0.299983	-0.0699058	0.873644	-0.164934	-0.98418	-0.064699	-0.0259263	0.0699009	-0.997217	0.985964	-0.162797	-0.0370451	
0.299762	-0.0702196	0.873836	-0.165688	-0.984025	-0.0651306	-0.0255717	0.0703082	-0.997197	0.985847	-0.163558	-0.0368125	
0.29954	-0.0705333	0.874028	-0.166441	-0.983872	-0.0655286	-0.0252223	0.0706819	-0.99718	0.985729	-0.164319	-0.0365799	
0.299318	-0.0708469	0.874223	-0.167191	-0.98372	-0.0658945	-0.0248553	0.0710194	-0.997165	0.985611	-0.165079	-0.0363244	
0.299099	-0.0711567	0.874483	-0.167878	-0.98358	-0.0662313	-0.0240192	0.071246	-0.99717	0.985515	-0.165812	-0.0355854	
0.298879	-0.0714665	0.874743	-0.168563	-0.983443	-0.0665346	-0.0231886	0.0714382	-0.997175	0.985418	-0.166545	-0.0348465	
0.298659	-0.0717762	0.875002	-0.169248	-0.983307	-0.0668056	-0.0223633	0.0715975	-0.997183	0.98532	-0.167277	-0.0341077	
0.298439	-0.0720858	0.875262	-0.169931	-0.983173	-0.0670458	-0.0215432	0.0717253	-0.997192	0.98522	-0.16801	-0.033369	
0.298218	-0.0723953	0.875521	-0.170614	-0.98304	-0.0672564	-0.020728	0.0718229	-0.997202	0.98512	-0.168742	-0.0326304	
0.297997	-0.0727047	0.875781	-0.171295	-0.982909	-0.0674388	-0.0199177	0.0718914	-0.997214	0.985018	-0.169475	-0.0318919	
0.297775	-0.0730141	0.87604	-0.171976	-0.982779	-0.067594	-0.0191121	0.0719321	-0.997226	0.984916	-0.170207	-0.0311535	
0.297553	-0.0733233	0.876299	-0.172655	-0.982651	-0.0677232	-0.018311	0.071946	-0.99724	0.984812	-0.170939	-0.0304152	
0.297331	-0.0736325	0.876558	-0.173334	-0.982525	-0.0678274	-0.0175143	0.0719342	-0.997256	0.984707	-0.171671	-0.0296769	
0.297108	-0.0739416	0.876817	-0.174013	-0.982399	-0.0679075	-0.016722	0.0718975	-0.997272	0.984601	-0.172403	-0.0289388	
0.296885	-0.0742506	0.877075	-0.174691	-0.982275	-0.0679644	-0.0159339	0.0718369	-0.997289	0.984494	-0.173134	-0.0282008	
0.296662	-0.0745596	0.877334	-0.175368	-0.982152	-0.0679988	-0.01515	0.0717532	-0.997307	0.984386	-0.173866	-0.0274628	
0.296438	-0.0748684	0.877592	-0.176045	-0.98203	-0.0680114	-0.0143701	0.0716468	-0.997327	0.984277	-0.174597	-0.026725	
0.296214	-0.0751772	0.87785	-0.176722	-0.981909	-0.0680028	-0.0135942	0.0715186	-0.997347	0.984167	-0.175329	-0.0259872	
0.295989	-0.0754858	0.878108	-0.177398	-0.981789	-0.0679735	-0.0128223	0.0713689	-0.997368	0.984056	-0.17606	-0.0252496	
0.295764	-0.0757944	0.878366	-0.178075	-0.98167	-0.0679239	-0.0120544	0.0711982	-0.997389	0.983943	-0.176791	-0.024512	
0.295539	-0.0761029	0.878624	-0.178751	-0.981552	-0.0678543	-0.0112903	0.0710068	-0.997412	0.98383	-0.177522	-0.0237746	
0.295313	-0.0764113	0.878882	-0.179426	-0.981435	-0.0677649	-0.0105302	0.0707949	-0.997435	0.983715	-0.178253	-0.0230372	
0.295087	-0.0767196	0.879139	-0.180102	-0.981318	-0.0676558	-0.00977411	0.0705625	-0.997459	0.983599	-0.178983	-0.0223	
0.294861	-0.0770279	0.879397	-0.180778	-0.981203	-0.067527	-0.00902197	0.0703097	-0.997484	0.983483	-0.179714	-0.0215628	
0.294634	-0.077336	0.879654	-0.181454	-0.981089	-0.0673784	-0.0082739	0.0700365	-0.99751	0.983365	-0.180444	-0.0208258	
0.294407	-0.0776441	0.879911	-0.182129	-0.980975	-0.0672098	-0.00752997	0.0697425	-0.997537	0.983246	-0.181175	-0.0200889	
0.294179	-0.077952	0.880168	-0.182805	-0.980862	-0.0670208	-0.00679027	0.0694276	-0.997564	0.983126	-0.181905	-0.019352	
0.293951	-0.0782599	0.880425	-0.183481	-0.98075	-0.0668111	-0.00605494	0.0690912	-0.997592	0.983005	-0.182635	-0.0186153	
0.293779	-0.0781437	0.880712	-0.183606	-0.980773	-0.0661271	-0.00538436	0.0682731	-0.997652	0.982985	-0.182819	-0.0178162	
0.293645	-0.0778651	0.880997	-0.183116	-0.980884	-0.0658436	-0.00469495	0.0678479	-0.997685	0.98308	-0.182383	-0.0170293	
0.293516	-0.0775585	0.881281	-0.182423	-0.981005	-0.0659611	-0.00396027	0.0678193	-0.99769	0.983212	-0.18174	-0.0162568	
0.293388	-0.0772407	0.881563	-0.181648	-0.981131	-0.0662286	-0.0032096	0.0679402	-0.997684	0.983358	-0.181014	-0.0154902	
0.29326	-0.076923	0.881846	-0.180872	-0.981257	-0.0664793	-0.00246218	0.0680458	-0.997679	0.983504	-0.180288	-0.0147236	
0.293132	-0.0766052	0.882128	-0.180096	-0.981384	-0.0667126	-0.00171808	0.0681353	-0.997675	0.983648	-0.179562	-0.013957	
0.293003	-0.0762875	0.88241	-0.179319	-0.981512	-0.0669276	-0.000977393	0.0682081	-0.997671	0.98379	-0.178836	-0.0131903	
0.292873	-0.0759697	0.882693	-0.178542	-0.98164	-0.0671238	-0.000240198	0.0682635	-0.997667	0.983932	-0.178109	-0.0124237	
0.292744	-0.0756519	0.882975	-0.177765	-0.981769	-0.0673005	0.000493415	0.0683008	-0.997665	0.984073	-0.177383	-0.011657	
0.292614	-0.0753341	0.883257	-0.176987	-0.981899	-0.0674567	0.00122335	0.0683192	-0.997663	0.984212	-0.176656	-0.0108904	
0.292483	-0.0750163	0.883538	-0.176209	-0.982029	-0.0675918	0.00194952	0.0683179	-0.997662	0.984351	-0.175929	-0.0101237	
0.292353	-0.0746985	0.88382	-0.175431	-0.982161	-0.0677048	0.00267182	0.0682961	-0.997662	0.984488	-0.175201	-0.00935709	
0.292221	-0.0743807	0.884102	-0.174652	-0.982293	-0.067795	0.00339014	0.068253	-0.997662	0.984624	-0.174474	-0.00859044	
0.29209	-0.0740629	0.884383	-0.173874	-0.982427	-0.0678615	0.00410439	0.0681876	-0.997664	0.984759	-0.173746	-0.00782379	
0.291958	-0.073745	0.884665	-0.173096	-0.982561	-0.0679032	0.00481445	0.068099	-0.997667	0.984893	-0.173019	-0.00705714	
0.291825	-0.0734272	0.884946	-0.172317	-0.982697	-0.0679193	0.00552022	0.0679863	-0.997671	0.985026	-0.172291	-0.0062905	
0.291693	-0.0731094	0.885227	-0.171539	-0.982834	-0.0679088	0.00622158	0.0678484	-0.997676	0.985158	-0.171563	-0.00552386	
0.29156	-0.0727915	0.885508	-0.170761	-0.982972	-0.0678706	0.00691843	0.0676845	-0.997683	0.985288	-0.170834	-0.00475722	
0.291426	-0.0724737	0.885789	-0.169983	-0.983112	-0.0678038	0.00761063	0.0674934	-0.997691	0.985418	-0.170106	-0.00399059	
0.291292	-0.0721558	0.88607	-0.169205	-0.983253	-0.0677071	0.00829809	0.067274	-0.9977	0.985546	-0.169377	-0.00322396	
0.291158	-0.0718379	0.886351	-0.168427	-0.983395	-0.0675796	0.00898067	0.0670253	-0.997711	0.985673	-0.168649	-0.00245734	
0.291023	-0.0715201	0.886632	-0.16765	-0.983538	-0.0674201	0.00965827	0.0667461	-0.997723	0.985799	-0.16792	-0.00169073	
0.290888	-0.0712022	0.886912	-0.166874	-0.983684	-0.0672274	0.0103308	0.0664353	-0.997737	0.985924	-0.167191	-0.000924128	
0.290753	-0.0708843	0.887193	-0.166098	-0.98383	-0.0670004	0.010998	0.0660918	-0.997753	0.986048	-0.166462	-0.000157534	
0.290617	-0.0705664	0.887473	-0.165323	-0.983979	-0.0667379	0.0116599	0.0657143	-0.99777	0.986171	-0.165732	0.000609051	
0.290481	-0.0702486	0.887753	-0.164548	-0.984129	-0.0664386	0.0123163	0.0653016	-0.99779	0.986292	-0.165003	0.00137562	
0.290344	-0.0699307	0.888033	-0.163774	-0.984281	-0.0661014	0.0129672	0.0648524	-0.997811	0.986413	-0.164273	0.00214219	
0.290207	-0.0696128	0.888313	-0.163002	-0.984434	-0.0657248	0.0136123	0.0643655	-0.997834	0.986532	-0.163543	0.00290874	
0.29007	-0.0692949	0.888593	-0.16223	-0.984589	-0.0653077	0.0142516	0.0638396	-0.997858	0.98665	-0.162813	0.00367527	
0.289932	-0.068977	0.888873	-0.161459	-0.984746	-0.0648575	0.0148863	0.0632821	-0.997885	0.986767	-0.162083	0.0044418	
0.289794	-0.0686591	0.889153	-0.160689	-0.984901	-0.0644068	0.0155219	0.0627251	-0.99791	0.986883	-0.161353	0.0052083	
0.289656	-0.0683412	0.889432	-0.159919	-0.985056	-0.0639557	0.0161582	0.0621687	-0.997935	0.986998	-0.160622	0.0059748	
0.289517	-0.0680233	0.889712	-0.15915	-0.98521	-0.0635042	0.0167954	0.0616128	-0.997959	0.987112	-0.159892	0.00674127	
0.289377	-0.0677054	0.889991	-0.158381	-0.985363	-0.0630522	0.0174333	0.0610576	-0.997982	0.987224	-0.159161	0.00750773	
0.289238	-0.0673875	0.89027	-0.157613	-0.985515	-0.0625998	0.018072	0.0605028	-0.998004	0.987336	-0.15843	0.00827417	
0.289098	-0.0670696	0.890549	-0.156846	-0.985666	-0.0621469	0.0187115	0.0599487	-0.998026	0.987446	-0.157699	0.00904059	
0.288957	-0.0667517	0.890828	-0.156079	-0.985816	-0.0616936	0.0193518	0.0593951	-0.998047	0.987555	-0.156968	0.00980699	
0.288816	-0.0664339	0.891107	-0.155312	-0.985965	-0.0612398	0.0199929	0.0588421	-0.998067	0.987663	-0.156236	0.0105734	
0.288675	-0.066116	0.891386	-0.154546	-0.986114	-0.0607856	0.0206347	0.0582897	-0.998086	0.98777	-0.155505	0.0113397	
0.288534	-0.0657981	0.891665	-0.153781	-0.986261	-0.060331	0.0212774	0.0577379	-0.998105	0.987876	-0.154773	0.0121061	
0.288392	-0.0654802	0.891943	-0.153016	-0.986408	-0.059876	0.0219208	0.0571866	-0.998123	0.987981	-0.154042	0.0128724	
0.288249	-0.0651623	0.892222	-0.152252	-0.986554	-0.0594205	0.022565	0.0566359	-0.99814	0.988084	-0.15331	0.0136387	
0.288106	-0.0648444	0.8925	-0.151488	-0.986699	-0.0589645	0.02321	0.0560858	-0.998156	0.988187	-0.152578	0.0144049	
0.287963	-0.0645265	0.892778	-0.150725	-0.986843	-0.0585082	0.0238558	0.0555362	-0.998172	0.988288	-0.151845	0.0151712	
0.28782	-0.0642086	0.893056	-0.149963	-0.986986	-0.0580514	0.0245023	0.0549873	-0.998186	0.988388	-0.151113	0.0159374	
0.287676	-0.0638908	0.893334	-0.149201	-0.987128	-0.0575942	0.0251496	0.0544389	-0.9982	0.988487	-0.150381	0.0167036	
0.287532	-0.0635729	0.893612	-0.148439	-0.98727	-0.0571365	0.0257977	0.0538911	-0.998214	0.988585	-0.149648	0.0174697	
0.287387	-0.063255	0.89389	-0.147678	-0.98741	-0.0566785	0.0264466	0.0533439	-0.998226	0.988682	-0.148915	0.0182359	
0.287242	-0.0629372	0.894167	-0.146918	-0.98755	-0.05622	0.0270962	0.0527973	-0.998238	0.988777	-0.148183	0.019002	
0.287096	-0.0626193	0.894445	-0.146158	-0.987688	-0.0557611	0.0277466	0.0522513	-0.998248	0.988872	-0.14745	0.019768	
0.286951	-0.0623015	0.894722	-0.145399	-0.987826	-0.0553017	0.0283978	0.0517058	-0.998259	0.988965	-0.146716	0.0205341	
0.286804	-0.0619836	0.894999	-0.144641	-0.987963	-0.054842	0.0290497	0.051161	-0.998268	0.989058	-0.145983	0.0213001	
0.286658	-0.0616658	0.895277	-0.143883	-0.988099	-0.0543818	0.0297024	0.0506167	-0.998276	0.989149	-0.14525	0.0220661	
0.286511	-0.0613479	0.895554	-0.143125	-0.988235	-0.0539212	0.0303559	0.0500731	-0.998284	0.989239	-0.144516	0.022832	
0.286363	-0.0610301	0.895831	-0.142368	-0.988369	-0.0534601	0.0310101	0.04953	-0.998291	0.989328	-0.143783	0.0235979	
0.286216	-0.0607123	0.896107	-0.141612	-0.988502	-0.0529987	0.0316651	0.0489875	-0.998297	0.989416	-0.143049	0.0243638	
0.286068	-0.0603945	0.896384	-0.140856	-0.988635	-0.0525368	0.0323208	0.0484456	-0.998303	0.989502	-0.142315	0.0251296	
0.285919	-0.0600767	0.896661	-0.140101	-0.988767	-0.0520745	0.0329773	0.0479044	-0.998307	0.989588	-0.141581	0.0258954	
0.28577	-0.0597589	0.896937	-0.139346	-0.988898	-0.0516119	0.0336346	0.0473637	-0.998311	0.989672	-0.140847	0.0266612	
0.285621	-0.0594411	0.897214	-0.138592	-0.989028	-0.0511487	0.0342926	0.0468236	-0.998314	0.989756	-0.140113	0.0274269	
0.285471	-0.0591233	0.89749	-0.137839	-0.989157	-0.0506852	0.0349513	0.0462841	-0.998317	0.989838	-0.139379	0.0281926	
0.285321	-0.0588055	0.897766	-0.137086	-0.989285	-0.0502213	0.0356108	0.0457452	-0.998318	0.989919	-0.138644	0.0289582	
0.285171	-0.0584878	0.898042	-0.136334	-0.989413	-0.049757	0.0362711	0.045207	-0.998319	0.989999	-0.13791	0.0297238	
0.28502	-0.05817	0.898318	-0.135582	-0.989539	-0.0492922	0.0369321	0.0446693	-0.998319	0.990078	-0.137175	0.0304894	
0.284869	-0.0578523	0.898593	-0.134831	-0.989665	-0.048827	0.0375938	0.0441322	-0.998318	0.990155	-0.13644	0.0312549	
0.284717	-0.0575346	0.898869	-0.134081	-0.98979	-0.0483615	0.0382563	0.0435957	-0.998317	0.990232	-0.135705	0.0320204	
0.284565	-0.0572168	0.899145	-0.133331	-0.989914	-0.0478955	0.0389196	0.0430599	-0.998314	0.990307	-0.13497	0.0327858	
0.284413	-0.0568991	0.89942	-0.132581	-0.990037	-0.0474291	0.0395836	0.0425247	-0.998311	0.990381	-0.134235	0.0335512	
0.28426	-0.0565814	0.899695	-0.131833	-0.990159	-0.0469623	0.0402483	0.04199	-0.998307	0.990455	-0.1335	0.0343165	
0.284107	-0.0562637	0.89997	-0.131085	-0.99028	-0.0464952	0.0409137	0.041456	-0.998302	0.990527	-0.132764	0.0350818	
0.283953	-0.0559461	0.900245	-0.130337	-0.990401	-0.0460276	0.0415799	0.0409226	-0.998297	0.990597	-0.132029	0.0358471	
0.283799	-0.0556284	0.90052	-0.12959	-0.99052	-0.0455596	0.0422469	0.0403898	-0.99829	0.990667	-0.131293	0.0366123	
0.283645	-0.0553107	0.900795	-0.128844	-0.990639	-0.0450912	0.0429145	0.0398576	-0.998283	0.990736	-0.130558	0.0373774	
0.28349	-0.0549931	0.90107	-0.128098	-0.990757	-0.0446224	0.0435829	0.039326	-0.998276	0.990803	-0.129822	0.0381425	
0.283335	-0.0546755	0.901344	-0.127353	-0.990874	-0.0441532	0.0442521	0.0387951	-0.998267	0.99087	-0.129086	0.0389076	
0.28318	-0.0543579	0.901619	-0.126608	-0.99099	-0.0436836	0.0449219	0.0382648	-0.998257	0.990935	-0.12835	0.0396726	
0.283024	-0.0540403	0.901893	-0.125864	-0.991106	-0.0432137	0.0455925	0.0377351	-0.998247	0.990999	-0.127614	0.0404375	
0.282868	-0.0537227	0.902167	-0.125121	-0.99122	-0.0427433	0.0462638	0.037206	-0.998236	0.991062	-0.126878	0.0412024	
0.282711	-0.0534051	0.902441	-0.124378	-0.991334	-0.0422725	0.0469359	0.0366775	-0.998224	0.991124	-0.126141	0.0419672	
0.282554	-0.0530876	0.902715	-0.123636	-0.991447	-0.0418014	0.0476086	0.0361497	-0.998212	0.991185	-0.125405	0.042732	
