0.33216	-0.00182259	0.858258	-0.00359834	-0.999993	-0.000681294	-0.0508695	0.000863464	-0.998705	0.998699	-0.00355902	-0.0508723	
0.331994	-0.00355927	0.858501	-0.00704283	-0.999974	-0.00134611	-0.0502478	0.00169834	-0.998735	0.998712	-0.00696628	-0.0502584	
0.331969	-0.00534818	0.858505	-0.0105904	-0.999942	-0.00203041	-0.0502222	0.00255987	-0.998735	0.998682	-0.010475	-0.0502464	
0.331938	-0.0071368	0.858506	-0.0141374	-0.999896	-0.00271466	-0.0501987	0.00342125	-0.998733	0.998639	-0.0139832	-0.0502419	
0.331899	-0.00892509	0.858506	-0.0176838	-0.999838	-0.00339886	-0.0501687	0.00428242	-0.998732	0.998584	-0.0174909	-0.0502362	
0.331852	-0.010713	0.858507	-0.0212295	-0.999766	-0.00408302	-0.0501319	0.00514331	-0.998729	0.998517	-0.0209979	-0.0502294	
0.331797	-0.0125004	0.858508	-0.0247744	-0.999682	-0.00476711	-0.0500886	0.00600387	-0.998727	0.998437	-0.0245041	-0.0502214	
0.331733	-0.0142873	0.858509	-0.0283183	-0.999584	-0.00545113	-0.0500385	0.00686403	-0.998724	0.998346	-0.0280094	-0.0502121	
0.331661	-0.0160735	0.85851	-0.031861	-0.999473	-0.00613505	-0.0499818	0.00772373	-0.99872	0.998242	-0.0315136	-0.0502016	
0.331581	-0.017859	0.858511	-0.0354025	-0.99935	-0.00681886	-0.0499185	0.00858292	-0.998716	0.998126	-0.0350166	-0.0501899	
0.331493	-0.0196437	0.858512	-0.0389425	-0.999213	-0.00750254	-0.0498485	0.00944153	-0.998712	0.997997	-0.0385183	-0.050177	
0.331396	-0.0214275	0.858513	-0.0424809	-0.999064	-0.00818608	-0.049772	0.0102995	-0.998708	0.997857	-0.0420185	-0.0501629	
0.331292	-0.0232104	0.858515	-0.0460176	-0.998901	-0.00886947	-0.0496887	0.0111568	-0.998702	0.997704	-0.0455171	-0.0501476	
0.331179	-0.0249922	0.858517	-0.0495523	-0.998726	-0.00955268	-0.0495989	0.0120133	-0.998697	0.997539	-0.049014	-0.050131	
0.331058	-0.0267729	0.858518	-0.0530851	-0.998538	-0.0102357	-0.0495025	0.012869	-0.998691	0.997362	-0.0525089	-0.0501133	
0.330929	-0.0285524	0.85852	-0.0566157	-0.998336	-0.0109185	-0.0493995	0.0137238	-0.998685	0.997173	-0.0560018	-0.0500943	
0.330792	-0.0303306	0.858522	-0.0601439	-0.998122	-0.0116011	-0.04929	0.0145777	-0.998678	0.996972	-0.0594926	-0.0500742	
0.330647	-0.0321074	0.858524	-0.0636697	-0.997895	-0.0122835	-0.0491739	0.0154306	-0.998671	0.996759	-0.0629811	-0.0500529	
0.330494	-0.0338828	0.858526	-0.0671929	-0.997656	-0.0129656	-0.0490513	0.0162824	-0.998664	0.996534	-0.0664671	-0.0500303	
0.330333	-0.0356566	0.858529	-0.0707133	-0.997403	-0.0136475	-0.0489221	0.0171331	-0.998656	0.996296	-0.0699506	-0.0500066	
0.330164	-0.0374289	0.858531	-0.0742309	-0.997138	-0.0143291	-0.0487865	0.0179826	-0.998647	0.996047	-0.0734314	-0.0499817	
0.329986	-0.0391995	0.858534	-0.0777453	-0.99686	-0.0150104	-0.0486444	0.0188309	-0.998639	0.995786	-0.0769093	-0.0499556	
0.329801	-0.0409683	0.858536	-0.0812566	-0.99657	-0.0156914	-0.0484958	0.019678	-0.99863	0.995513	-0.0803843	-0.0499284	
0.329608	-0.0427353	0.858539	-0.0847646	-0.996266	-0.016372	-0.0483407	0.0205236	-0.99862	0.995228	-0.0838562	-0.0498999	
0.329407	-0.0445004	0.858542	-0.0882691	-0.995951	-0.0170523	-0.0481793	0.0213679	-0.99861	0.994931	-0.0873249	-0.0498703	
0.329198	-0.0462635	0.858545	-0.09177	-0.995622	-0.0177323	-0.0480115	0.0222107	-0.9986	0.994622	-0.0907902	-0.0498396	
0.328981	-0.0480245	0.858548	-0.0952672	-0.995281	-0.0184119	-0.0478373	0.023052	-0.998589	0.994302	-0.094252	-0.0498077	
0.328756	-0.0497833	0.858551	-0.0987604	-0.994928	-0.0190911	-0.0476567	0.0238917	-0.998578	0.993969	-0.0977102	-0.0497746	
0.328523	-0.05154	0.858554	-0.10225	-0.994562	-0.0197699	-0.0474699	0.0247298	-0.998566	0.993625	-0.101165	-0.0497403	
0.328283	-0.0532944	0.858558	-0.105735	-0.994184	-0.0204483	-0.0472767	0.0255662	-0.998555	0.99327	-0.104615	-0.049705	
0.328035	-0.0550464	0.858561	-0.109216	-0.993794	-0.0211262	-0.0470772	0.0264009	-0.998542	0.992903	-0.108062	-0.0496684	
0.327779	-0.0567959	0.858565	-0.112692	-0.993391	-0.0218038	-0.0468716	0.0272338	-0.99853	0.992524	-0.111504	-0.0496308	
0.327515	-0.0585429	0.858568	-0.116164	-0.992976	-0.0224808	-0.0466597	0.0280648	-0.998517	0.992133	-0.114942	-0.049592	
0.327244	-0.0602874	0.858572	-0.119631	-0.992548	-0.0231574	-0.0464416	0.0288939	-0.998503	0.991732	-0.118376	-0.0495521	
0.326965	-0.0620292	0.858576	-0.123093	-0.992109	-0.0238335	-0.0462173	0.0297211	-0.998489	0.991318	-0.121806	-0.0495111	
0.326678	-0.0637682	0.85858	-0.12655	-0.991657	-0.0245091	-0.045987	0.0305463	-0.998475	0.990894	-0.12523	-0.049469	
0.326384	-0.0655045	0.858584	-0.130003	-0.991194	-0.0251842	-0.0457505	0.0313694	-0.99846	0.990458	-0.12865	-0.0494257	
0.326083	-0.0672378	0.858588	-0.13345	-0.990718	-0.0258588	-0.045508	0.0321904	-0.998445	0.99001	-0.132065	-0.0493814	
0.325773	-0.0689682	0.858592	-0.136891	-0.990231	-0.0265328	-0.0452595	0.0330092	-0.99843	0.989552	-0.135475	-0.049336	
0.325457	-0.0706956	0.858596	-0.140327	-0.989731	-0.0272062	-0.0450049	0.0338259	-0.998414	0.989082	-0.13888	-0.0492895	
0.325132	-0.07242	0.858601	-0.143758	-0.98922	-0.0278791	-0.0447444	0.0346402	-0.998398	0.988601	-0.14228	-0.0492419	
0.324801	-0.0741411	0.858605	-0.147183	-0.988697	-0.0285514	-0.044478	0.0354523	-0.998381	0.988109	-0.145675	-0.0491932	
0.324462	-0.0758591	0.85861	-0.150602	-0.988163	-0.0292231	-0.0442057	0.036262	-0.998364	0.987606	-0.149064	-0.0491435	
0.324116	-0.0775737	0.858614	-0.154015	-0.987616	-0.0298942	-0.0439275	0.0370693	-0.998347	0.987092	-0.152447	-0.0490927	
0.323762	-0.079285	0.858619	-0.157422	-0.987058	-0.0305647	-0.0436435	0.0378742	-0.998329	0.986567	-0.155825	-0.0490409	
0.323401	-0.0809929	0.858624	-0.160822	-0.986489	-0.0312345	-0.0433537	0.0386765	-0.998311	0.986031	-0.159197	-0.048988	
0.323033	-0.0826973	0.858629	-0.164217	-0.985908	-0.0319036	-0.0430582	0.0394763	-0.998292	0.985484	-0.162563	-0.0489341	
0.322658	-0.0843982	0.858634	-0.167605	-0.985316	-0.0325721	-0.042757	0.0402735	-0.998273	0.984927	-0.165922	-0.0488792	
0.322276	-0.0860954	0.858638	-0.170986	-0.984713	-0.0332399	-0.0424501	0.0410681	-0.998254	0.984359	-0.169276	-0.0488233	
0.321887	-0.087789	0.858644	-0.174361	-0.984098	-0.033907	-0.0421376	0.04186	-0.998235	0.98378	-0.172624	-0.0487663	
0.32149	-0.0894788	0.858649	-0.177728	-0.983472	-0.0345734	-0.0418196	0.0426491	-0.998214	0.983191	-0.175965	-0.0487083	
0.321087	-0.0911648	0.858654	-0.181089	-0.982835	-0.0352391	-0.0414959	0.0434355	-0.998194	0.982591	-0.1793	-0.0486494	
0.320677	-0.0928469	0.858659	-0.184443	-0.982187	-0.035904	-0.0411668	0.0442191	-0.998173	0.981981	-0.182628	-0.0485894	
0.32026	-0.0945252	0.858664	-0.18779	-0.981528	-0.0365682	-0.0408322	0.0449998	-0.998152	0.98136	-0.18595	-0.0485285	
0.319836	-0.0961994	0.85867	-0.191129	-0.980858	-0.0372317	-0.0404922	0.0457776	-0.998131	0.980729	-0.189265	-0.0484666	
0.319405	-0.0978697	0.858675	-0.194462	-0.980178	-0.0378943	-0.0401469	0.0465525	-0.998109	0.980088	-0.192572	-0.0484037	
0.318967	-0.0995358	0.858681	-0.197786	-0.979487	-0.0385562	-0.0397962	0.0473244	-0.998087	0.979437	-0.195873	-0.0483399	
0.318523	-0.101198	0.858686	-0.201103	-0.978785	-0.0392173	-0.0394402	0.0480932	-0.998064	0.978776	-0.199167	-0.0482752	
0.318072	-0.102855	0.858692	-0.204413	-0.978072	-0.0398776	-0.039079	0.0488591	-0.998041	0.978104	-0.202454	-0.0482095	
0.317615	-0.104509	0.858697	-0.207715	-0.977349	-0.040537	-0.0387126	0.0496218	-0.998018	0.977423	-0.205734	-0.0481429	
0.317151	-0.106158	0.858703	-0.211008	-0.976616	-0.0411956	-0.038341	0.0503814	-0.997994	0.976732	-0.209006	-0.0480753	
0.31668	-0.107803	0.858709	-0.214294	-0.975872	-0.0418534	-0.0379644	0.0511378	-0.99797	0.976031	-0.21227	-0.0480069	
0.316203	-0.109443	0.858715	-0.217572	-0.975118	-0.0425103	-0.0375827	0.051891	-0.997945	0.97532	-0.215527	-0.0479376	
0.31572	-0.111079	0.85872	-0.220842	-0.974354	-0.0431663	-0.0371959	0.052641	-0.997921	0.9746	-0.218777	-0.0478673	
0.31523	-0.112711	0.858726	-0.224103	-0.97358	-0.0438214	-0.0368043	0.0533877	-0.997895	0.97387	-0.222019	-0.0477962	
0.314734	-0.114337	0.858732	-0.227356	-0.972795	-0.0444757	-0.0364077	0.0541311	-0.99787	0.973131	-0.225253	-0.0477243	
0.314232	-0.11596	0.858738	-0.230601	-0.972001	-0.045129	-0.0360062	0.0548711	-0.997844	0.972382	-0.228479	-0.0476514	
0.313724	-0.117577	0.858744	-0.233837	-0.971197	-0.0457815	-0.0356	0.0556078	-0.997818	0.971624	-0.231697	-0.0475777	
0.313209	-0.11919	0.85875	-0.237064	-0.970384	-0.046433	-0.0351889	0.056341	-0.997791	0.970856	-0.234907	-0.0475032	
0.312688	-0.120798	0.858756	-0.240283	-0.96956	-0.0470835	-0.0347732	0.0570709	-0.997764	0.97008	-0.238109	-0.0474278	
0.312162	-0.122401	0.858762	-0.243493	-0.968727	-0.0477331	-0.0343527	0.0577972	-0.997737	0.969294	-0.241302	-0.0473516	
0.311629	-0.123999	0.858768	-0.246694	-0.967885	-0.0483817	-0.0339277	0.0585201	-0.99771	0.968499	-0.244488	-0.0472746	
0.311091	-0.125593	0.858774	-0.249886	-0.967033	-0.0490294	-0.0334981	0.0592394	-0.997682	0.967696	-0.247664	-0.0471968	
0.310546	-0.127181	0.85878	-0.253069	-0.966172	-0.0496761	-0.0330639	0.0599551	-0.997653	0.966883	-0.250833	-0.0471182	
0.309996	-0.128764	0.858786	-0.256243	-0.965302	-0.0503218	-0.0326253	0.0606673	-0.997625	0.966062	-0.253993	-0.0470389	
0.30944	-0.130343	0.858793	-0.259408	-0.964422	-0.0509665	-0.0321823	0.0613759	-0.997596	0.965231	-0.257144	-0.0469587	
0.308878	-0.131916	0.858799	-0.262563	-0.963534	-0.0516101	-0.0317349	0.0620808	-0.997566	0.964393	-0.260287	-0.0468778	
0.308311	-0.133484	0.858805	-0.265709	-0.962636	-0.0522528	-0.0312832	0.0627821	-0.997537	0.963545	-0.26342	-0.0467961	
0.307738	-0.135047	0.858811	-0.268846	-0.96173	-0.0528944	-0.0308272	0.0634797	-0.997507	0.96269	-0.266545	-0.0467137	
0.30716	-0.136605	0.858817	-0.271973	-0.960815	-0.0535349	-0.030367	0.0641735	-0.997477	0.961826	-0.269661	-0.0466305	
0.306576	-0.138158	0.858823	-0.275091	-0.959891	-0.0541744	-0.0299026	0.0648636	-0.997446	0.960953	-0.272768	-0.0465467	
0.305987	-0.139705	0.85883	-0.278199	-0.958958	-0.0548128	-0.0294342	0.06555	-0.997415	0.960072	-0.275866	-0.0464621	
0.305392	-0.141247	0.858836	-0.281297	-0.958017	-0.0554502	-0.0289616	0.0662326	-0.997384	0.959184	-0.278955	-0.0463768	
0.304792	-0.142784	0.858842	-0.284386	-0.957068	-0.0560865	-0.0284851	0.0669113	-0.997352	0.958287	-0.282035	-0.0462908	
0.304187	-0.144315	0.858848	-0.287464	-0.95611	-0.0567216	-0.0280046	0.0675863	-0.99732	0.957382	-0.285105	-0.0462041	
0.303577	-0.145841	0.858854	-0.290533	-0.955144	-0.0573557	-0.0275202	0.0682574	-0.997288	0.956469	-0.288167	-0.0461168	
0.302962	-0.147361	0.85886	-0.293592	-0.95417	-0.0579887	-0.0270319	0.0689247	-0.997256	0.955549	-0.291218	-0.0460288	
0.302341	-0.148876	0.858867	-0.296641	-0.953188	-0.0586205	-0.0265399	0.069588	-0.997223	0.95462	-0.294261	-0.0459401	
0.301716	-0.150386	0.858873	-0.299679	-0.952198	-0.0592512	-0.0260441	0.0702475	-0.99719	0.953684	-0.297294	-0.0458508	
0.301085	-0.15189	0.858879	-0.302708	-0.9512	-0.0598808	-0.0255445	0.070903	-0.997156	0.952741	-0.300317	-0.0457609	
0.30045	-0.153388	0.858885	-0.305726	-0.950195	-0.0605092	-0.0250414	0.0715546	-0.997122	0.95179	-0.303331	-0.0456703	
0.29981	-0.154881	0.858891	-0.308734	-0.949182	-0.0611364	-0.0245347	0.0722023	-0.997088	0.950832	-0.306335	-0.0455792	
0.299165	-0.156368	0.858897	-0.311732	-0.948161	-0.0617625	-0.0240244	0.072846	-0.997054	0.949866	-0.30933	-0.0454874	
0.298516	-0.157849	0.858903	-0.314719	-0.947132	-0.0623874	-0.0235106	0.0734857	-0.997019	0.948894	-0.312314	-0.045395	
0.297861	-0.159325	0.858909	-0.317696	-0.946097	-0.0630111	-0.0229934	0.0741214	-0.996984	0.947914	-0.315289	-0.0453021	
0.297203	-0.160795	0.858915	-0.320663	-0.945053	-0.0636337	-0.0224728	0.0747531	-0.996949	0.946927	-0.318254	-0.0452086	
0.296539	-0.162259	0.858921	-0.323619	-0.944003	-0.064255	-0.0219489	0.0753808	-0.996913	0.945933	-0.32121	-0.0451145	
0.295872	-0.163718	0.858927	-0.326564	-0.942946	-0.0648751	-0.0214217	0.0760045	-0.996877	0.944932	-0.324155	-0.0450199	
0.295199	-0.165171	0.858933	-0.329499	-0.941881	-0.0654941	-0.0208913	0.0766241	-0.996841	0.943925	-0.32709	-0.0449247	
0.294523	-0.166618	0.858939	-0.332424	-0.94081	-0.0661118	-0.0203577	0.0772397	-0.996805	0.94291	-0.330016	-0.044829	
0.294561	-0.166538	0.858937	-0.332263	-0.940869	-0.0660777	-0.0203913	0.0772073	-0.996807	0.942966	-0.329855	-0.0448387	
0.294559	-0.166543	0.858937	-0.332272	-0.940866	-0.0660796	-0.0203892	0.077209	-0.996806	0.942963	-0.329864	-0.0448379	
0.294559	-0.166542	0.858937	-0.332272	-0.940866	-0.0660795	-0.0203894	0.0772089	-0.996806	0.942963	-0.329863	-0.044838	
0.294559	-0.166542	0.858937	-0.332272	-0.940866	-0.0660795	-0.0203893	0.0772089	-0.996806	0.942963	-0.329863	-0.044838	
0.294559	-0.166542	0.858937	-0.332272	-0.940866	-0.0660795	-0.0203893	0.0772089	-0.996806	0.942963	-0.329863	-0.044838	
0.294559	-0.166542	0.858937	-0.332272	-0.940866	-0.0660795	-0.0203893	0.0772089	-0.996806	0.942963	-0.329863	-0.044838	
0.294559	-0.166542	0.858937	-0.332272	-0.940866	-0.0660795	-0.0203893	0.0772089	-0.996806	0.942963	-0.329863	-0.044838	
0.294559	-0.166542	0.858937	-0.332272	-0.940866	-0.0660795	-0.0203893	0.0772089	-0.996806	0.942963	-0.329863	-0.044838	
0.294559	-0.166542	0.858937	-0.332272	-0.940866	-0.0660795	-0.0203893	0.0772089	-0.996806	0.942963	-0.329863	-0.044838	
0.294559	-0.166542	0.858937	-0.332272	-0.940866	-0.0660795	-0.0203893	0.0772089	-0.996806	0.942963	-0.329863	-0.044838	
0.294559	-0.166542	0.858937	-0.332272	-0.940866	-0.0660795	-0.0203893	0.0772089	-0.996806	0.942963	-0.329863	-0.044838	
0.294559	-0.166542	0.858937	-0.332272	-0.940866	-0.0660795	-0.0203893	0.0772089	-0.996806	0.942963	-0.329863	-0.044838	
0.294559	-0.166542	0.858937	-0.332272	-0.940866	-0.0660795	-0.0203893	0.0772089	-0.996806	0.942963	-0.329863	-0.044838	
0.294559	-0.166542	0.858937	-0.332272	-0.940866	-0.0660795	-0.0203893	0.0772089	-0.996806	0.942963	-0.329863	-0.044838	
0.294559	-0.166542	0.858937	-0.332272	-0.940866	-0.0660795	-0.0203893	0.0772089	-0.996806	0.942963	-0.329863	-0.044838	
0.294559	-0.166542	0.858937	-0.332272	-0.940866	-0.0660795	-0.0203893	0.0772089	-0.996806	0.942963	-0.329863	-0.044838	
0.294559	-0.166542	0.858937	-0.332272	-0.940866	-0.0660795	-0.0203893	0.0772089	-0.996806	0.942963	-0.329863	-0.044838	
0.294559	-0.166542	0.858937	-0.332272	-0.940866	-0.0660795	-0.0203893	0.0772089	-0.996806	0.942963	-0.329863	-0.044838	
0.294559	-0.166542	0.858937	-0.332272	-0.940866	-0.0660795	-0.0203893	0.0772089	-0.996806	0.942963	-0.329863	-0.044838	
0.294559	-0.166542	0.858937	-0.332272	-0.940866	-0.0660795	-0.0203893	0.0772089	-0.996806	0.942963	-0.329863	-0.044838	
0.294559	-0.166542	0.858937	-0.332272	-0.940866	-0.0660795	-0.0203893	0.0772089	-0.996806	0.942963	-0.329863	-0.044838	
0.294559	-0.166542	0.858937	-0.332272	-0.940866	-0.0660795	-0.0203893	0.0772089	-0.996806	0.942963	-0.329863	-0.044838	
0.294559	-0.166542	0.858937	-0.332272	-0.940866	-0.0660795	-0.0203893	0.0772089	-0.996806	0.942963	-0.329863	-0.044838	
0.294559	-0.166542	0.858937	-0.332272	-0.940866	-0.0660795	-0.0203893	0.0772089	-0.996806	0.942963	-0.329863	-0.044838	
0.294559	-0.166542	0.858937	-0.332272	-0.940866	-0.0660795	-0.0203893	0.0772089	-0.996806	0.942963	-0.329863	-0.044838	
0.294559	-0.166542	0.858937	-0.332272	-0.940866	-0.0660795	-0.0203893	0.0772089	-0.996806	0.942963	-0.329863	-0.044838	
0.294559	-0.166542	0.858937	-0.332272	-0.940866	-0.0660795	-0.0203893	0.0772089	-0.996806	0.942963	-0.329863	-0.044838	
0.294559	-0.166542	0.858937	-0.332272	-0.940866	-0.0660795	-0.0203893	0.0772089	-0.996806	0.942963	-0.329863	-0.044838	
0.294559	-0.166542	0.858937	-0.332272	-0.940866	-0.0660795	-0.0203893	0.0772089	-0.996806	0.942963	-0.329863	-0.044838	
0.294559	-0.166542	0.858937	-0.332272	-0.940866	-0.0660795	-0.0203893	0.0772089	-0.996806	0.942963	-0.329863	-0.044838	
0.294559	-0.166542	0.858937	-0.332272	-0.940866	-0.0660795	-0.0203893	0.0772089	-0.996806	0.942963	-0.329863	-0.044838	
0.294559	-0.166542	0.858937	-0.332272	-0.940866	-0.0660795	-0.0203893	0.0772089	-0.996806	0.942963	-0.329863	-0.044838	
0.294559	-0.166542	0.858937	-0.332272	-0.940866	-0.0660795	-0.0203893	0.0772089	-0.996806	0.942963	-0.329863	-0.044838	
0.294559	-0.166542	0.858937	-0.332272	-0.940866	-0.0660795	-0.0203893	0.0772089	-0.996806	0.942963	-0.329863	-0.044838	
0.294559	-0.166542	0.858937	-0.332272	-0.940866	-0.0660795	-0.0203893	0.0772089	-0.996806	0.942963	-0.329863	-0.044838	
0.294559	-0.166542	0.858937	-0.332272	-0.940866	-0.0660795	-0.0203893	0.0772089	-0.996806	0.942963	-0.329863	-0.044838	
0.294559	-0.166542	0.858937	-0.332272	-0.940866	-0.0660795	-0.0203893	0.0772089	-0.996806	0.942963	-0.329863	-0.044838	
0.294559	-0.166542	0.858937	-0.332272	-0.940866	-0.0660795	-0.0203893	0.0772089	-0.996806	0.942963	-0.329863	-0.044838	
0.294559	-0.166542	0.858937	-0.332272	-0.940866	-0.0660795	-0.0203893	0.0772089	-0.996806	0.942963	-0.329863	-0.044838	
0.294559	-0.166542	0.858937	-0.332272	-0.940866	-0.0660795	-0.0203893	0.0772089	-0.996806	0.942963	-0.329863	-0.044838	
0.294559	-0.166542	0.858937	-0.332272	-0.940866	-0.0660795	-0.0203893	0.0772089	-0.996806	0.942963	-0.329863	-0.044838	
0.294559	-0.166542	0.858937	-0.332272	-0.940866	-0.0660795	-0.0203893	0.0772089	-0.996806	0.942963	-0.329863	-0.044838	
0.294559	-0.166542	0.858937	-0.332272	-0.940866	-0.0660795	-0.0203893	0.0772089	-0.996806	0.942963	-0.329863	-0.044838	
0.294559	-0.166542	0.858937	-0.332272	-0.940866	-0.0660795	-0.0203893	0.0772089	-0.996806	0.942963	-0.329863	-0.044838	
0.294559	-0.166542	0.858937	-0.332272	-0.940866	-0.0660795	-0.0203893	0.0772089	-0.996806	0.942963	-0.329863	-0.044838	
0.294559	-0.166542	0.858937	-0.332272	-0.940866	-0.0660795	-0.0203893	0.0772089	-0.996806	0.942963	-0.329863	-0.044838	
0.294559	-0.166542	0.858937	-0.332272	-0.940866	-0.0660795	-0.0203893	0.0772089	-0.996806	0.942963	-0.329863	-0.044838	
0.294559	-0.166542	0.858937	-0.332272	-0.940866	-0.0660795	-0.0203893	0.0772089	-0.996806	0.942963	-0.329863	-0.044838	
0.294559	-0.166542	0.858937	-0.332272	-0.940866	-0.0660795	-0.0203893	0.0772089	-0.996806	0.942963	-0.329863	-0.044838	
0.294559	-0.166542	0.858937	-0.332272	-0.940866	-0.0660795	-0.0203893	0.0772089	-0.996806	0.942963	-0.329863	-0.044838	
0.294559	-0.166542	0.858937	-0.332272	-0.940866	-0.0660795	-0.0203893	0.0772089	-0.996806	0.942963	-0.329863	-0.044838	
0.294559	-0.166542	0.858937	-0.332272	-0.940866	-0.0660795	-0.0203893	0.0772089	-0.996806	0.942963	-0.329863	-0.044838	
0.294559	-0.166542	0.858937	-0.332272	-0.940866	-0.0660795	-0.0203893	0.0772089	-0.996806	0.942963	-0.329863	-0.044838	
0.294559	-0.166542	0.858937	-0.332272	-0.940866	-0.0660795	-0.0203893	0.0772089	-0.996806	0.942963	-0.329863	-0.044838	
0.294559	-0.166542	0.858937	-0.332272	-0.940866	-0.0660795	-0.0203893	0.0772089	-0.996806	0.942963	-0.329863	-0.044838	
0.294559	-0.166542	0.858937	-0.332272	-0.940866	-0.0660795	-0.0203893	0.0772089	-0.996806	0.942963	-0.329863	-0.044838	
0.294559	-0.166542	0.858937	-0.332272	-0.940866	-0.0660795	-0.0203893	0.0772089	-0.996806	0.942963	-0.329863	-0.044838	
0.294559	-0.166542	0.858937	-0.332272	-0.940866	-0.0660795	-0.0203893	0.0772089	-0.996806	0.942963	-0.329863	-0.044838	
0.294559	-0.166542	0.858937	-0.332272	-0.940866	-0.0660795	-0.0203893	0.0772089	-0.996806	0.942963	-0.329863	-0.044838	
0.294559	-0.166542	0.858937	-0.332272	-0.940866	-0.0660795	-0.0203893	0.0772089	-0.996806	0.942963	-0.329863	-0.044838	
0.294559	-0.166542	0.858937	-0.332272	-0.940866	-0.0660795	-0.0203893	0.0772089	-0.996806	0.942963	-0.329863	-0.044838	
0.294559	-0.166542	0.858937	-0.332272	-0.940866	-0.0660795	-0.0203893	0.0772089	-0.996806	0.942963	-0.329863	-0.044838	
0.294559	-0.166542	0.858937	-0.332272	-0.940866	-0.0660795	-0.0203893	0.0772089	-0.996806	0.942963	-0.329863	-0.044838	
0.294559	-0.166542	0.858937	-0.332272	-0.940866	-0.0660795	-0.0203893	0.0772089	-0.996806	0.942963	-0.329863	-0.044838	
0.294559	-0.166542	0.858937	-0.332272	-0.940866	-0.0660795	-0.0203893	0.0772089	-0.996806	0.942963	-0.329863	-0.044838	
0.294559	-0.166542	0.858937	-0.332272	-0.940866	-0.0660795	-0.0203893	0.0772089	-0.996806	0.942963	-0.329863	-0.044838	
0.294559	-0.166542	0.858937	-0.332272	-0.940866	-0.0660795	-0.0203893	0.0772089	-0.996806	0.942963	-0.329863	-0.044838	
0.294559	-0.166542	0.858937	-0.332272	-0.940866	-0.0660795	-0.0203893	0.0772089	-0.996806	0.942963	-0.329863	-0.044838	
0.294559	-0.166542	0.858937	-0.332272	-0.940866	-0.0660795	-0.0203893	0.0772089	-0.996806	0.942963	-0.329863	-0.044838	
0.294559	-0.166542	0.858937	-0.332272	-0.940866	-0.0660795	-0.0203893	0.0772089	-0.996806	0.942963	-0.329863	-0.044838	
0.294559	-0.166542	0.858937	-0.332272	-0.940866	-0.0660795	-0.0203893	0.0772089	-0.996806	0.942963	-0.329863	-0.044838	
0.294559	-0.166542	0.858937	-0.332272	-0.940866	-0.0660795	-0.0203893	0.0772089	-0.996806	0.942963	-0.329863	-0.044838	
0.294559	-0.166542	0.858937	-0.332272	-0.940866	-0.0660795	-0.0203893	0.0772089	-0.996806	0.942963	-0.329863	-0.044838	
0.294559	-0.166542	0.858937	-0.332272	-0.940866	-0.0660795	-0.0203893	0.0772089	-0.996806	0.942963	-0.329863	-0.044838	
0.294559	-0.166542	0.858937	-0.332272	-0.940866	-0.0660795	-0.0203893	0.0772089	-0.996806	0.942963	-0.329863	-0.044838	
0.294559	-0.166542	0.858937	-0.332272	-0.940866	-0.0660795	-0.0203893	0.0772089	-0.996806	0.942963	-0.329863	-0.044838	
0.294559	-0.166542	0.858937	-0.332272	-0.940866	-0.0660795	-0.0203893	0.0772089	-0.996806	0.942963	-0.329863	-0.044838	
0.294559	-0.166542	0.858937	-0.332272	-0.940866	-0.0660795	-0.0203893	0.0772089	-0.996806	0.942963	-0.329863	-0.044838	
0.294559	-0.166542	0.858937	-0.332272	-0.940866	-0.0660795	-0.0203893	0.0772089	-0.996806	0.942963	-0.329863	-0.044838	
0.294559	-0.166542	0.858937	-0.332272	-0.940866	-0.0660795	-0.0203893	0.0772089	-0.996806	0.942963	-0.329863	-0.044838	
0.294559	-0.166542	0.858937	-0.332272	-0.940866	-0.0660795	-0.0203893	0.0772089	-0.996806	0.942963	-0.329863	-0.044838	
0.294559	-0.166542	0.858937	-0.332272	-0.940866	-0.0660795	-0.0203893	0.0772089	-0.996806	0.942963	-0.329863	-0.044838	
0.294559	-0.166542	0.858937	-0.332272	-0.940866	-0.0660795	-0.0203893	0.0772089	-0.996806	0.942963	-0.329863	-0.044838	
0.294559	-0.166542	0.858937	-0.332272	-0.940866	-0.0660795	-0.0203893	0.0772089	-0.996806	0.942963	-0.329863	-0.044838	
0.294559	-0.166542	0.858937	-0.332272	-0.940866	-0.0660795	-0.0203893	0.0772089	-0.996806	0.942963	-0.329863	-0.044838	
0.294559	-0.166542	0.858937	-0.332272	-0.940866	-0.0660795	-0.0203893	0.0772089	-0.996806	0.942963	-0.329863	-0.044838	
0.294559	-0.166542	0.858937	-0.332272	-0.940866	-0.0660795	-0.0203893	0.0772089	-0.996806	0.942963	-0.329863	-0.044838	
0.294559	-0.166542	0.858937	-0.332272	-0.940866	-0.0660795	-0.0203893	0.0772089	-0.996806	0.942963	-0.329863	-0.044838	
0.294559	-0.166542	0.858937	-0.332272	-0.940866	-0.0660795	-0.0203893	0.0772089	-0.996806	0.942963	-0.329863	-0.044838	
0.294559	-0.166542	0.858937	-0.332272	-0.940866	-0.0660795	-0.0203893	0.0772089	-0.996806	0.942963	-0.329863	-0.044838	
0.294559	-0.166542	0.858937	-0.332272	-0.940866	-0.0660795	-0.0203893	0.0772089	-0.996806	0.942963	-0.329863	-0.044838	
0.294559	-0.166542	0.858937	-0.332272	-0.940866	-0.0660795	-0.0203893	0.0772089	-0.996806	0.942963	-0.329863	-0.044838	
0.294559	-0.166542	0.858937	-0.332272	-0.940866	-0.0660795	-0.0203893	0.0772089	-0.996806	0.942963	-0.329863	-0.044838	
0.294559	-0.166542	0.858937	-0.332272	-0.940866	-0.0660795	-0.0203893	0.0772089	-0.996806	0.942963	-0.329863	-0.044838	
0.294559	-0.166542	0.858937	-0.332272	-0.940866	-0.0660795	-0.0203893	0.0772089	-0.996806	0.942963	-0.329863	-0.044838	
0.294559	-0.166542	0.858937	-0.332272	-0.940866	-0.0660795	-0.0203893	0.0772089	-0.996806	0.942963	-0.329863	-0.044838	
0.294559	-0.166542	0.858937	-0.332272	-0.940866	-0.0660795	-0.0203893	0.0772089	-0.996806	0.942963	-0.329863	-0.044838	
0.294559	-0.166542	0.858937	-0.332272	-0.940866	-0.0660795	-0.0203893	0.0772089	-0.996806	0.942963	-0.329863	-0.044838	
0.294559	-0.166542	0.858937	-0.332272	-0.940866	-0.0660795	-0.0203893	0.0772089	-0.996806	0.942963	-0.329863	-0.044838	
0.294559	-0.166542	0.858937	-0.332272	-0.940866	-0.0660795	-0.0203893	0.0772089	-0.996806	0.942963	-0.329863	-0.044838	
0.294869	-0.1649	0.8596	-0.329054	-0.942038	-0.0654853	-0.0193426	0.0760565	-0.996916	0.944113	-0.326773	-0.0432482	
0.295158	-0.163344	0.860224	-0.326007	-0.943136	-0.06492	-0.0183544	0.0749733	-0.997017	0.945189	-0.323842	-0.0417525	
0.295441	-0.161778	0.860851	-0.322941	-0.944229	-0.0643497	-0.0173527	0.0738888	-0.997116	0.94626	-0.320893	-0.0402466	
0.295717	-0.160208	0.861479	-0.319867	-0.945314	-0.0637761	-0.0163422	0.0728072	-0.997212	0.947322	-0.317933	-0.0387371	
0.295986	-0.158634	0.862108	-0.316785	-0.94639	-0.0631992	-0.0153225	0.0717283	-0.997307	0.948374	-0.314963	-0.0372235	
0.296248	-0.157055	0.862739	-0.313695	-0.947457	-0.062619	-0.0142938	0.0706523	-0.997399	0.949416	-0.311983	-0.035706	
0.296503	-0.155472	0.86337	-0.310596	-0.948515	-0.0620354	-0.0132559	0.0695791	-0.997488	0.95045	-0.308994	-0.0341845	
0.296751	-0.153884	0.864003	-0.30749	-0.949565	-0.0614485	-0.0122091	0.0685089	-0.997576	0.951473	-0.305994	-0.0326591	
0.296992	-0.152292	0.864636	-0.304376	-0.950606	-0.0608582	-0.0111532	0.0674418	-0.997661	0.952487	-0.302985	-0.0311299	
0.297226	-0.150696	0.86527	-0.301253	-0.951638	-0.0602645	-0.0100883	0.0663779	-0.997744	0.953491	-0.299966	-0.029597	
0.297453	-0.149096	0.865906	-0.298124	-0.952661	-0.0596675	-0.00901449	0.0653172	-0.997824	0.954485	-0.296937	-0.0280603	
0.297672	-0.147491	0.866542	-0.294986	-0.953674	-0.0590671	-0.00793172	0.0642598	-0.997902	0.955469	-0.293899	-0.02652	
0.297884	-0.145883	0.867179	-0.291841	-0.954678	-0.0584634	-0.00684004	0.0632059	-0.997977	0.956442	-0.290851	-0.0249761	
0.298089	-0.14427	0.867817	-0.288689	-0.955673	-0.0578562	-0.00573949	0.0621555	-0.99805	0.957406	-0.287794	-0.0234287	
0.298286	-0.142654	0.868455	-0.285529	-0.956659	-0.0572458	-0.00463011	0.0611087	-0.99812	0.958359	-0.284727	-0.0218777	
0.298476	-0.141033	0.869095	-0.282362	-0.957635	-0.0566319	-0.00351192	0.0600656	-0.998188	0.959301	-0.281652	-0.0203234	
0.298658	-0.139409	0.869735	-0.279188	-0.958601	-0.0560147	-0.00238496	0.0590263	-0.998254	0.960233	-0.278567	-0.0187657	
0.298833	-0.137781	0.870376	-0.276007	-0.959558	-0.055394	-0.00124928	0.0579908	-0.998316	0.961155	-0.275473	-0.0172046	
0.299	-0.136149	0.871018	-0.272819	-0.960505	-0.0547701	-0.000104912	0.0569594	-0.998376	0.962065	-0.27237	-0.0156404	
0.29916	-0.134514	0.87166	-0.269624	-0.961442	-0.0541427	0.0010481	0.0559319	-0.998434	0.962965	-0.269259	-0.0140729	
0.299312	-0.132875	0.872303	-0.266423	-0.96237	-0.053512	0.00220972	0.0549086	-0.998489	0.963854	-0.266138	-0.0125023	
0.299456	-0.131233	0.872947	-0.263215	-0.963287	-0.0528779	0.0033799	0.0538895	-0.998541	0.964731	-0.263009	-0.0109287	
0.299593	-0.129587	0.873591	-0.26	-0.964194	-0.0522404	0.00455858	0.0528747	-0.998591	0.965598	-0.259872	-0.00935208	
0.299722	-0.127937	0.874235	-0.256779	-0.965092	-0.0515995	0.00574574	0.0518643	-0.998638	0.966453	-0.256726	-0.00777254	
0.299843	-0.126285	0.874881	-0.253552	-0.965979	-0.0509553	0.00694131	0.0508584	-0.998682	0.967297	-0.253572	-0.00619013	
0.299956	-0.124629	0.875526	-0.250319	-0.966855	-0.0503077	0.00814524	0.0498571	-0.998723	0.968129	-0.250409	-0.00460492	
0.300062	-0.122969	0.876172	-0.24708	-0.967722	-0.0496568	0.00935748	0.0488604	-0.998762	0.96895	-0.247239	-0.00301699	
0.300159	-0.121307	0.876819	-0.243835	-0.968578	-0.0490025	0.010578	0.0478684	-0.998798	0.969759	-0.24406	-0.00142639	
0.300248	-0.119642	0.877466	-0.240584	-0.969424	-0.0483449	0.0118067	0.0468813	-0.998831	0.970556	-0.240874	0.000166792	
0.30033	-0.117974	0.878113	-0.237328	-0.970259	-0.0476839	0.0130436	0.045899	-0.998861	0.971342	-0.237679	0.0017625	
0.300403	-0.116302	0.878761	-0.234066	-0.971083	-0.0470195	0.0142885	0.0449218	-0.998888	0.972116	-0.234478	0.00336066	
0.300469	-0.114628	0.879408	-0.230799	-0.971897	-0.0463518	0.0155415	0.0439496	-0.998913	0.972877	-0.231268	0.00496121	
0.300526	-0.112951	0.880056	-0.227526	-0.9727	-0.0456808	0.0168024	0.0429826	-0.998935	0.973627	-0.228051	0.00656407	
0.300576	-0.111272	0.880705	-0.224248	-0.973492	-0.0450065	0.0180713	0.0420208	-0.998953	0.974364	-0.224827	0.00816916	
0.300617	-0.10959	0.881353	-0.220966	-0.974274	-0.0443288	0.019348	0.0410643	-0.998969	0.97509	-0.221595	0.00977643	
0.30065	-0.107905	0.882002	-0.217678	-0.975044	-0.0436478	0.0206325	0.0401132	-0.998982	0.975803	-0.218357	0.0113858	
0.300674	-0.106218	0.88265	-0.214386	-0.975804	-0.0429635	0.0219246	0.0391676	-0.998992	0.976503	-0.215112	0.0129972	
0.300691	-0.104528	0.883299	-0.211089	-0.976552	-0.0422759	0.0232245	0.0382275	-0.998999	0.977191	-0.211859	0.0146105	
0.300699	-0.102836	0.883948	-0.207787	-0.97729	-0.041585	0.0245319	0.0372931	-0.999003	0.977866	-0.2086	0.0162257	
0.300699	-0.101142	0.884597	-0.204481	-0.978016	-0.0408908	0.0258468	0.0363643	-0.999004	0.978529	-0.205335	0.0178427	
0.300691	-0.0994454	0.885245	-0.201171	-0.978731	-0.0401934	0.0271691	0.0354414	-0.999002	0.979179	-0.202063	0.0194615	
0.300675	-0.0977469	0.885894	-0.197857	-0.979435	-0.0394926	0.0284988	0.0345243	-0.998997	0.979816	-0.198784	0.0210819	
0.30065	-0.0960464	0.886543	-0.194539	-0.980128	-0.0387886	0.0298358	0.0336132	-0.998989	0.980441	-0.1955	0.0227038	
0.300617	-0.0943439	0.887191	-0.191217	-0.980809	-0.0380814	0.03118	0.0327081	-0.998978	0.981052	-0.192209	0.0243273	
0.300575	-0.0926396	0.887839	-0.187892	-0.981479	-0.0373709	0.0325313	0.031809	-0.998964	0.981651	-0.188913	0.0259521	
0.300525	-0.0909334	0.888487	-0.184562	-0.982137	-0.0366572	0.0338897	0.0309162	-0.998947	0.982236	-0.18561	0.0275783	
0.300467	-0.0892256	0.889135	-0.18123	-0.982784	-0.0359403	0.035255	0.0300295	-0.998927	0.982809	-0.182302	0.0292058	
0.3004	-0.0875161	0.889783	-0.177894	-0.983419	-0.0352202	0.0366273	0.0291492	-0.998904	0.983368	-0.178989	0.0308345	
0.300325	-0.0858051	0.89043	-0.174555	-0.984043	-0.0344969	0.0380063	0.0282752	-0.998877	0.983914	-0.17567	0.0324643	
0.300241	-0.0840926	0.891077	-0.171213	-0.984655	-0.0337704	0.0393921	0.0274076	-0.998848	0.984446	-0.172346	0.034095	
0.300149	-0.0823787	0.891723	-0.167868	-0.985256	-0.0330408	0.0407845	0.0265466	-0.998815	0.984965	-0.169017	0.0357268	
0.300048	-0.0806634	0.892369	-0.164521	-0.985844	-0.032308	0.0421834	0.0256922	-0.998779	0.985471	-0.165683	0.0373594	
0.299939	-0.078947	0.893015	-0.16117	-0.986421	-0.031572	0.0435889	0.0248444	-0.998741	0.985964	-0.162344	0.0389928	
0.299822	-0.0772294	0.89366	-0.157818	-0.986987	-0.0308329	0.0450007	0.0240033	-0.998699	0.986442	-0.159	0.0406269	
0.299696	-0.0755108	0.894304	-0.154463	-0.98754	-0.0300908	0.0464188	0.0231689	-0.998653	0.986908	-0.155652	0.0422617	
0.299561	-0.0737911	0.894948	-0.151106	-0.988082	-0.0293455	0.0478431	0.0223414	-0.998605	0.987359	-0.152299	0.043897	
0.299418	-0.0720706	0.895591	-0.147747	-0.988612	-0.0285971	0.0492735	0.0215208	-0.998553	0.987797	-0.148942	0.0455327	
0.299266	-0.0703492	0.896234	-0.144386	-0.98913	-0.0278457	0.0507099	0.0207072	-0.998499	0.988221	-0.145582	0.0471689	
0.299106	-0.0686271	0.896876	-0.141024	-0.989635	-0.0270913	0.0521523	0.0199006	-0.998441	0.988632	-0.142217	0.0488053	
0.298938	-0.0669043	0.897517	-0.13766	-0.990129	-0.0263338	0.0536005	0.019101	-0.99838	0.989028	-0.138848	0.050442	
0.298761	-0.065181	0.898158	-0.134294	-0.990611	-0.0255733	0.0550544	0.0183086	-0.998315	0.989411	-0.135476	0.0520788	
0.298575	-0.0634572	0.898798	-0.130927	-0.991082	-0.0248098	0.056514	0.0175234	-0.998248	0.98978	-0.1321	0.0537157	
0.298381	-0.061733	0.899437	-0.127559	-0.991539	-0.0240433	0.0579791	0.0167454	-0.998177	0.990135	-0.128721	0.0553526	
0.298178	-0.0600084	0.900075	-0.12419	-0.991985	-0.0232739	0.0594497	0.0159747	-0.998103	0.990476	-0.125338	0.0569893	
0.297967	-0.0582836	0.900712	-0.12082	-0.992419	-0.0225015	0.0609256	0.0152113	-0.998026	0.990803	-0.121953	0.0586259	
0.297748	-0.0565587	0.901348	-0.11745	-0.992841	-0.0217262	0.0624068	0.0144554	-0.997946	0.991116	-0.118565	0.0602622	
0.29752	-0.0548337	0.901983	-0.114079	-0.993251	-0.020948	0.0638931	0.0137069	-0.997863	0.991415	-0.115174	0.0618982	
0.297283	-0.0531087	0.902618	-0.110707	-0.993648	-0.0201669	0.0653845	0.0129659	-0.997776	0.9917	-0.11178	0.0635338	
0.297038	-0.0513838	0.903251	-0.107336	-0.994034	-0.019383	0.0668808	0.0122324	-0.997686	0.991971	-0.108384	0.0651688	
0.296785	-0.0496591	0.903883	-0.103964	-0.994407	-0.0185962	0.068382	0.0115066	-0.997593	0.992227	-0.104985	0.0668033	
0.296523	-0.0479346	0.904514	-0.100592	-0.994768	-0.0178066	0.0698879	0.0107883	-0.997497	0.99247	-0.101585	0.068437	
0.296252	-0.0462105	0.905144	-0.0972206	-0.995117	-0.0170143	0.0713985	0.0100778	-0.997397	0.992699	-0.0981823	0.0700701	
0.295973	-0.0444868	0.905773	-0.0938493	-0.995454	-0.0162191	0.0729135	0.00937495	-0.997294	0.992913	-0.0947779	0.0717023	
0.295686	-0.0427636	0.906401	-0.0904785	-0.995779	-0.0154212	0.0744331	0.00867988	-0.997188	0.993113	-0.0913719	0.0733336	
0.295391	-0.041041	0.907027	-0.0871083	-0.996092	-0.0146206	0.0759569	0.00799261	-0.997079	0.993299	-0.0879644	0.0749638	
0.295087	-0.0393191	0.907652	-0.0837389	-0.996392	-0.0138172	0.077485	0.00731319	-0.996967	0.993471	-0.0845555	0.0765931	
0.294774	-0.037598	0.908276	-0.0803703	-0.99668	-0.0130112	0.0790172	0.00664163	-0.996851	0.993628	-0.0811454	0.0782211	
0.294454	-0.0358777	0.908898	-0.0770029	-0.996956	-0.0122025	0.0805535	0.00597799	-0.996732	0.993771	-0.0777342	0.0798479	
0.294125	-0.0341583	0.909519	-0.0736366	-0.99722	-0.0113912	0.0820936	0.00532229	-0.99661	0.993901	-0.0743222	0.0814735	
0.293787	-0.0324399	0.910139	-0.0702717	-0.997472	-0.0105773	0.0836375	0.00467457	-0.996485	0.994015	-0.0709094	0.0830976	
0.293442	-0.0307226	0.910757	-0.0669083	-0.997711	-0.00976077	0.0851851	0.00403485	-0.996357	0.994116	-0.067496	0.0847202	
0.293088	-0.0290065	0.911374	-0.0635465	-0.997939	-0.0089417	0.0867363	0.00340317	-0.996225	0.994203	-0.0640822	0.0863413	
0.292726	-0.0272917	0.911989	-0.0601864	-0.998154	-0.0081201	0.088291	0.00277956	-0.996091	0.994275	-0.0606681	0.0879608	
0.292356	-0.0255782	0.912602	-0.0568283	-0.998357	-0.00729599	0.0898491	0.00216404	-0.995953	0.994333	-0.0572539	0.0895785	
0.291977	-0.023866	0.913214	-0.0534723	-0.998548	-0.0064694	0.0914104	0.00155664	-0.995812	0.994377	-0.0538397	0.0911945	
0.291591	-0.0221554	0.913825	-0.0501184	-0.998727	-0.00564035	0.0929749	0.000957382	-0.995668	0.994406	-0.0504257	0.0928086	
0.291196	-0.0204464	0.914434	-0.0467669	-0.998894	-0.00480888	0.0945424	0.000366287	-0.995521	0.994422	-0.0470121	0.0944207	
0.290793	-0.018739	0.915041	-0.0434179	-0.999049	-0.00397501	0.0961129	-0.000216622	-0.99537	0.994423	-0.0435989	0.0960309	
0.290382	-0.0170333	0.915647	-0.0400715	-0.999192	-0.00313876	0.0976861	-0.000791325	-0.995217	0.99441	-0.0401865	0.0976389	
0.289963	-0.0153295	0.91625	-0.0367279	-0.999323	-0.00230017	0.0992621	-0.0013578	-0.99506	0.994383	-0.0367748	0.0992448	
0.289537	-0.0136275	0.916852	-0.0333872	-0.999441	-0.00145926	0.100841	-0.00191604	-0.994901	0.994342	-0.0333641	0.100848	
0.289102	-0.0119276	0.917453	-0.0300495	-0.999548	-0.000616055	0.102422	-0.00246602	-0.994738	0.994287	-0.0299544	0.10245	
0.288659	-0.0102296	0.918051	-0.026715	-0.999643	0.000229406	0.104005	-0.00300773	-0.994572	0.994218	-0.0265461	0.104049	
0.288208	-0.00853381	0.918648	-0.0233838	-0.999726	0.0010771	0.105591	-0.00354116	-0.994403	0.994135	-0.0231392	0.105645	
0.28775	-0.0068402	0.919242	-0.020056	-0.999797	0.00192699	0.107179	-0.00406629	-0.994231	0.994037	-0.0197338	0.107239	
0.287284	-0.00514886	0.919835	-0.0167319	-0.999856	0.00277906	0.108769	-0.00458312	-0.994056	0.993926	-0.0163301	0.10883	
0.28681	-0.00345987	0.920426	-0.0134114	-0.999903	0.00363328	0.110361	-0.00509163	-0.993878	0.993801	-0.0129284	0.110419	
0.286328	-0.00177331	0.921015	-0.0100949	-0.999939	0.0044896	0.111955	-0.00559182	-0.993698	0.993662	-0.00952861	0.112005	
0.285838	-8.92484e-05	0.921602	-0.00678228	-0.999963	0.00534801	0.113551	-0.00608369	-0.993514	0.993509	-0.00613102	0.113588	
0.285341	0.00159224	0.922187	-0.00347382	-0.999975	0.00620848	0.115148	-0.00656722	-0.993327	0.993342	-0.00273574	0.115168	
0.285362	0.00153126	0.922163	-0.00359377	-0.999974	0.00617727	0.115083	-0.00654984	-0.993334	0.993349	-0.00285892	0.115103	
0.285361	0.00153354	0.922164	-0.00358928	-0.999974	0.00617843	0.115085	-0.00655049	-0.993334	0.993349	-0.00285431	0.115106	
0.285361	0.00153345	0.922164	-0.00358945	-0.999974	0.00617839	0.115085	-0.00655047	-0.993334	0.993349	-0.00285448	0.115106	
0.285361	0.00153346	0.922164	-0.00358944	-0.999974	0.00617839	0.115085	-0.00655047	-0.993334	0.993349	-0.00285447	0.115106	
0.285361	0.00153346	0.922164	-0.00358944	-0.999974	0.00617839	0.115085	-0.00655047	-0.993334	0.993349	-0.00285447	0.115106	
0.285361	0.00153346	0.922164	-0.00358944	-0.999974	0.00617839	0.115085	-0.00655047	-0.993334	0.993349	-0.00285447	0.115106	
0.285361	0.00153346	0.922164	-0.00358944	-0.999974	0.00617839	0.115085	-0.00655047	-0.993334	0.993349	-0.00285447	0.115106	
0.285361	0.00153346	0.922164	-0.00358944	-0.999974	0.00617839	0.115085	-0.00655047	-0.993334	0.993349	-0.00285447	0.115106	
0.285361	0.00153346	0.922164	-0.00358944	-0.999974	0.00617839	0.115085	-0.00655047	-0.993334	0.993349	-0.00285447	0.115106	
0.285361	0.00153346	0.922164	-0.00358944	-0.999974	0.00617839	0.115085	-0.00655047	-0.993334	0.993349	-0.00285447	0.115106	
0.285361	0.00153346	0.922164	-0.00358944	-0.999974	0.00617839	0.115085	-0.00655047	-0.993334	0.993349	-0.00285447	0.115106	
0.285361	0.00153346	0.922164	-0.00358944	-0.999974	0.00617839	0.115085	-0.00655047	-0.993334	0.993349	-0.00285447	0.115106	
0.285361	0.00153346	0.922164	-0.00358944	-0.999974	0.00617839	0.115085	-0.00655047	-0.993334	0.993349	-0.00285447	0.115106	
0.285361	0.00153346	0.922164	-0.00358944	-0.999974	0.00617839	0.115085	-0.00655047	-0.993334	0.993349	-0.00285447	0.115106	
0.285361	0.00153346	0.922164	-0.00358944	-0.999974	0.00617839	0.115085	-0.00655047	-0.993334	0.993349	-0.00285447	0.115106	
0.285361	0.00153346	0.922164	-0.00358944	-0.999974	0.00617839	0.115085	-0.00655047	-0.993334	0.993349	-0.00285447	0.115106	
0.285361	0.00153346	0.922164	-0.00358944	-0.999974	0.00617839	0.115085	-0.00655047	-0.993334	0.993349	-0.00285447	0.115106	
0.285361	0.00153346	0.922164	-0.00358944	-0.999974	0.00617839	0.115085	-0.00655047	-0.993334	0.993349	-0.00285447	0.115106	
0.285361	0.00153346	0.922164	-0.00358944	-0.999974	0.00617839	0.115085	-0.00655047	-0.993334	0.993349	-0.00285447	0.115106	
0.285361	0.00153346	0.922164	-0.00358944	-0.999974	0.00617839	0.115085	-0.00655047	-0.993334	0.993349	-0.00285447	0.115106	
0.285361	0.00153346	0.922164	-0.00358944	-0.999974	0.00617839	0.115085	-0.00655047	-0.993334	0.993349	-0.00285447	0.115106	
0.285361	0.00153346	0.922164	-0.00358944	-0.999974	0.00617839	0.115085	-0.00655047	-0.993334	0.993349	-0.00285447	0.115106	
0.285361	0.00153346	0.922164	-0.00358944	-0.999974	0.00617839	0.115085	-0.00655047	-0.993334	0.993349	-0.00285447	0.115106	
0.285361	0.00153346	0.922164	-0.00358944	-0.999974	0.00617839	0.115085	-0.00655047	-0.993334	0.993349	-0.00285447	0.115106	
0.285361	0.00153346	0.922164	-0.00358944	-0.999974	0.00617839	0.115085	-0.00655047	-0.993334	0.993349	-0.00285447	0.115106	
0.285361	0.00153346	0.922164	-0.00358944	-0.999974	0.00617839	0.115085	-0.00655047	-0.993334	0.993349	-0.00285447	0.115106	
0.285361	0.00153346	0.922164	-0.00358944	-0.999974	0.00617839	0.115085	-0.00655047	-0.993334	0.993349	-0.00285447	0.115106	
0.285361	0.00153346	0.922164	-0.00358944	-0.999974	0.00617839	0.115085	-0.00655047	-0.993334	0.993349	-0.00285447	0.115106	
0.285361	0.00153346	0.922164	-0.00358944	-0.999974	0.00617839	0.115085	-0.00655047	-0.993334	0.993349	-0.00285447	0.115106	
0.285361	0.00153346	0.922164	-0.00358944	-0.999974	0.00617839	0.115085	-0.00655047	-0.993334	0.993349	-0.00285447	0.115106	
0.285361	0.00153346	0.922164	-0.00358944	-0.999974	0.00617839	0.115085	-0.00655047	-0.993334	0.993349	-0.00285447	0.115106	
