0.319395	-0.000605519	0.878035	-0.00121755	-0.999999	7.59255e-05	-0.000714927	-7.5055e-05	-1	0.999999	-0.0012176	-0.000714835	
0.31974	-0.00123148	0.877481	-0.00258436	-0.999997	0.000503002	-0.00222762	-0.000497246	-0.999997	0.999994	-0.00258548	-0.00222632	
0.320084	-0.00186916	0.876927	-0.0040347	-0.999991	0.00113452	-0.00374258	-0.00111942	-0.999992	0.999985	-0.00403892	-0.00373803	
0.320426	-0.00250699	0.876371	-0.0054831	-0.999983	0.00177793	-0.00525963	-0.00174909	-0.999985	0.999971	-0.00549236	-0.00524995	
0.320767	-0.00314497	0.875816	-0.00692951	-0.999973	0.00243238	-0.00677878	-0.0023854	-0.999974	0.999953	-0.00694582	-0.00676206	
0.321106	-0.0037831	0.87526	-0.00837388	-0.99996	0.00309697	-0.00830006	-0.00302746	-0.999961	0.99993	-0.00839926	-0.00827438	
0.321444	-0.00442139	0.874704	-0.00981619	-0.999945	0.0037708	-0.00982349	-0.00367437	-0.999945	0.999904	-0.00985269	-0.00978688	
0.32178	-0.00505982	0.874147	-0.0112564	-0.999927	0.00445297	-0.0113491	-0.0043252	-0.999926	0.999872	-0.0113061	-0.0112996	
0.322114	-0.00569839	0.873589	-0.0126945	-0.999906	0.00514252	-0.0128768	-0.00497903	-0.999905	0.999837	-0.0127595	-0.0128124	
0.322447	-0.0063371	0.873032	-0.0141304	-0.999883	0.00583851	-0.0144068	-0.0056349	-0.99988	0.999796	-0.0142128	-0.0143255	
0.322778	-0.00697595	0.872473	-0.0155641	-0.999857	0.00653998	-0.0159389	-0.00629184	-0.999853	0.999752	-0.0156661	-0.0158387	
0.323108	-0.00761494	0.871915	-0.0169957	-0.999829	0.00724594	-0.0174731	-0.00694887	-0.999823	0.999703	-0.0171193	-0.017352	
0.323437	-0.00825406	0.871356	-0.0184251	-0.999799	0.00795539	-0.0190095	-0.007605	-0.99979	0.99965	-0.0185725	-0.0188655	
0.323763	-0.00889331	0.870796	-0.0198523	-0.999765	0.00866732	-0.020548	-0.00825921	-0.999755	0.999592	-0.0200256	-0.0203792	
0.324088	-0.00953269	0.870236	-0.0212774	-0.99973	0.00938072	-0.0220885	-0.00891048	-0.999716	0.99953	-0.0214786	-0.021893	
0.324412	-0.0101722	0.869676	-0.0227003	-0.999691	0.0100945	-0.0236312	-0.00955777	-0.999675	0.999463	-0.0229315	-0.0234069	
0.324734	-0.0108118	0.869115	-0.0241211	-0.999651	0.0108077	-0.0251758	-0.0102	-0.999631	0.999392	-0.0243843	-0.024921	
0.325055	-0.0114516	0.868553	-0.0255398	-0.999607	0.0115193	-0.0267224	-0.0108362	-0.999584	0.999317	-0.025837	-0.0264351	
0.325374	-0.0120914	0.867992	-0.0269564	-0.999562	0.012228	-0.0282709	-0.0114653	-0.999535	0.999237	-0.0272896	-0.0279494	
0.325691	-0.0127314	0.867429	-0.028371	-0.999514	0.012933	-0.0298212	-0.0120861	-0.999482	0.999153	-0.028742	-0.0294638	
0.326007	-0.0133715	0.866867	-0.0297837	-0.999463	0.013633	-0.0313733	-0.0126976	-0.999427	0.999064	-0.0301943	-0.0309783	
0.326321	-0.0140117	0.866304	-0.0311944	-0.999411	0.014327	-0.0329272	-0.0132987	-0.999369	0.998971	-0.0316465	-0.0324929	
0.326634	-0.014652	0.86574	-0.0326034	-0.999356	0.015014	-0.0344826	-0.0138883	-0.999309	0.998873	-0.0330985	-0.0340076	
0.326945	-0.0152924	0.865176	-0.0340105	-0.999298	0.0156927	-0.0360397	-0.0144652	-0.999246	0.998771	-0.0345504	-0.0355224	
0.327255	-0.0159329	0.864612	-0.035416	-0.999239	0.016362	-0.0375981	-0.0150285	-0.99918	0.998665	-0.0360021	-0.0370372	
0.327563	-0.0165735	0.864047	-0.0368198	-0.999177	0.0170209	-0.0391579	-0.0155769	-0.999112	0.998554	-0.0374536	-0.0385522	
0.32787	-0.0172141	0.863482	-0.0382222	-0.999113	0.0176683	-0.040719	-0.0161093	-0.999041	0.998439	-0.038905	-0.0400672	
0.328175	-0.0178549	0.862917	-0.0396231	-0.999047	0.0183029	-0.0422812	-0.0166246	-0.998967	0.99832	-0.0403561	-0.0415822	
0.328478	-0.0184958	0.862351	-0.0410228	-0.998979	0.0189237	-0.0438445	-0.0171216	-0.998892	0.998196	-0.041807	-0.0430973	
0.328592	-0.0191346	0.861897	-0.042428	-0.998909	0.0195189	-0.0450655	-0.0176032	-0.998829	0.998083	-0.0432579	-0.0442694	
0.328459	-0.0197705	0.861592	-0.0438415	-0.998837	0.0200852	-0.0458359	-0.0180724	-0.998785	0.997986	-0.0447089	-0.0449902	
0.328325	-0.0204061	0.861287	-0.0452547	-0.998762	0.0206386	-0.0466073	-0.0185264	-0.998741	0.997888	-0.0461596	-0.0457112	
0.328189	-0.0210415	0.860981	-0.0466676	-0.998686	0.0211781	-0.0473796	-0.0189644	-0.998697	0.997786	-0.0476102	-0.0464323	
0.328053	-0.0216766	0.860675	-0.0480803	-0.998608	0.021703	-0.0481527	-0.0193855	-0.998652	0.997682	-0.0490606	-0.0471536	
0.327916	-0.0223115	0.860369	-0.049493	-0.998527	0.0222122	-0.0489265	-0.0197889	-0.998606	0.997575	-0.0505108	-0.0478751	
0.327779	-0.0229461	0.860063	-0.0509056	-0.998445	0.022705	-0.049701	-0.0201736	-0.99856	0.997466	-0.0519607	-0.0485967	
0.327583	-0.0235815	0.859943	-0.0523307	-0.998361	0.0231756	-0.0501636	-0.0205501	-0.99853	0.997369	-0.0534163	-0.049006	
0.327348	-0.0242175	0.859946	-0.0537648	-0.998274	0.023628	-0.0504218	-0.0209179	-0.998509	0.99728	-0.054876	-0.0492101	
0.327094	-0.0248536	0.860008	-0.0552038	-0.998185	0.0240653	-0.0505816	-0.0212754	-0.998493	0.997193	-0.0563379	-0.0493153	
0.326831	-0.0254898	0.860099	-0.0566459	-0.998094	0.0244889	-0.0506933	-0.0216213	-0.99848	0.997107	-0.0578012	-0.0493719	
0.326562	-0.0261259	0.860204	-0.0580901	-0.998001	0.0248992	-0.0507809	-0.0219551	-0.998468	0.997019	-0.0592655	-0.049404	
0.326289	-0.026762	0.860317	-0.059536	-0.997906	0.025296	-0.0508555	-0.0222759	-0.998458	0.99693	-0.0607306	-0.0494228	
0.326014	-0.027398	0.860435	-0.0609834	-0.997808	0.025679	-0.0509225	-0.0225832	-0.998447	0.996839	-0.0621964	-0.0494337	
0.325738	-0.0280339	0.860556	-0.0624323	-0.997709	0.0260479	-0.0509844	-0.0228765	-0.998437	0.996746	-0.0636627	-0.0494394	
0.325459	-0.0286696	0.860678	-0.0638825	-0.997608	0.0264021	-0.0510421	-0.0231552	-0.998428	0.996651	-0.0651297	-0.0494408	
0.325179	-0.0293053	0.860803	-0.0653342	-0.997505	0.0267411	-0.0510963	-0.0234189	-0.998419	0.996554	-0.0665973	-0.0494388	
0.324897	-0.0299409	0.86093	-0.0667874	-0.9974	0.0270644	-0.051147	-0.0236669	-0.998411	0.996455	-0.0680655	-0.0494334	
0.324614	-0.0305763	0.861058	-0.068242	-0.997293	0.0273715	-0.0511942	-0.0238988	-0.998403	0.996354	-0.0695342	-0.0494248	
0.32433	-0.0312116	0.861188	-0.0696981	-0.997185	0.0276617	-0.051238	-0.0241141	-0.998395	0.996251	-0.0710036	-0.049413	
0.324043	-0.0318469	0.86132	-0.0711557	-0.997074	0.0279347	-0.0512781	-0.0243121	-0.998388	0.996146	-0.0724735	-0.0493981	
0.323755	-0.032482	0.861454	-0.0726149	-0.996962	0.0281897	-0.0513145	-0.0244923	-0.998382	0.996039	-0.073944	-0.0493801	
0.323466	-0.033117	0.861589	-0.0740758	-0.996847	0.0284262	-0.051347	-0.0246542	-0.998377	0.99593	-0.0754151	-0.0493589	
0.323175	-0.0337518	0.861726	-0.0755382	-0.996731	0.0286437	-0.0513755	-0.0247973	-0.998371	0.995819	-0.0768868	-0.0493345	
0.322883	-0.0343866	0.861864	-0.0770024	-0.996614	0.0288416	-0.0513999	-0.024921	-0.998367	0.995705	-0.0783591	-0.0493069	
0.322589	-0.0350213	0.862005	-0.0784682	-0.996494	0.0290194	-0.05142	-0.0250248	-0.998364	0.99559	-0.079832	-0.0492761	
0.322293	-0.0356558	0.862147	-0.0799358	-0.996373	0.0291763	-0.0514357	-0.025108	-0.998361	0.995472	-0.0813054	-0.0492421	
0.321996	-0.0362902	0.86229	-0.0814051	-0.99625	0.029312	-0.0514467	-0.0251702	-0.998359	0.995352	-0.0827795	-0.0492048	
0.321697	-0.0369245	0.862436	-0.0828763	-0.996125	0.0294257	-0.051453	-0.0252108	-0.998357	0.995231	-0.0842542	-0.0491643	
0.321397	-0.0375587	0.862583	-0.0843493	-0.995999	0.0295169	-0.0514544	-0.0252292	-0.998357	0.995107	-0.0857295	-0.0491205	
0.321095	-0.0381928	0.862733	-0.0858242	-0.995871	0.029585	-0.0514507	-0.0252248	-0.998357	0.994981	-0.0872053	-0.0490734	
0.320791	-0.0388268	0.862883	-0.087301	-0.995741	0.0296295	-0.0514418	-0.0251972	-0.998358	0.994853	-0.0886818	-0.049023	
0.320486	-0.0394606	0.863036	-0.0887797	-0.99561	0.0296497	-0.0514274	-0.0251457	-0.99836	0.994723	-0.0901589	-0.0489692	
0.320179	-0.0400943	0.863191	-0.0902603	-0.995477	0.029645	-0.0514075	-0.0250698	-0.998363	0.994591	-0.0916366	-0.0489122	
0.31987	-0.0407279	0.863347	-0.091743	-0.995342	0.029615	-0.0513818	-0.024969	-0.998367	0.994456	-0.0931149	-0.0488517	
0.31956	-0.0413614	0.863505	-0.0932277	-0.995206	0.0295589	-0.0513502	-0.0248426	-0.998372	0.99432	-0.0945938	-0.048788	
0.319249	-0.0419948	0.863665	-0.0947145	-0.995068	0.0294763	-0.0513124	-0.0246902	-0.998377	0.994181	-0.0960733	-0.0487208	
0.318935	-0.042628	0.863827	-0.0962033	-0.994928	0.0293665	-0.0512683	-0.0245111	-0.998384	0.99404	-0.0975534	-0.0486503	
0.31862	-0.0432611	0.86399	-0.0976942	-0.994787	0.0292289	-0.0512178	-0.0243049	-0.998392	0.993898	-0.0990341	-0.0485763	
0.318303	-0.0438941	0.864156	-0.0991873	-0.994644	0.029063	-0.0511605	-0.0240709	-0.9984	0.993753	-0.100515	-0.048499	
0.317985	-0.044527	0.864323	-0.100683	-0.9945	0.0288681	-0.0510963	-0.0238087	-0.99841	0.993606	-0.101997	-0.0484182	
0.317665	-0.0451598	0.864492	-0.10218	-0.994353	0.0286438	-0.0510251	-0.0235176	-0.99842	0.993456	-0.10348	-0.048334	
0.317343	-0.0457924	0.864663	-0.10368	-0.994206	0.0283894	-0.0509466	-0.0231972	-0.998432	0.993305	-0.104963	-0.0482463	
0.31702	-0.0464249	0.864836	-0.105181	-0.994056	0.0281044	-0.0508606	-0.0228469	-0.998444	0.993152	-0.106447	-0.0481552	
0.316695	-0.0470573	0.865011	-0.106685	-0.993904	0.0277881	-0.0507668	-0.0224661	-0.998458	0.992996	-0.107932	-0.0480606	
0.316368	-0.0476896	0.865187	-0.108192	-0.993751	0.02744	-0.0506652	-0.0220544	-0.998472	0.992838	-0.109417	-0.0479625	
0.31604	-0.0483217	0.865366	-0.1097	-0.993596	0.0270596	-0.0505555	-0.0216112	-0.998487	0.992678	-0.110902	-0.047861	
0.31571	-0.0489538	0.865546	-0.111211	-0.99344	0.0266463	-0.0504374	-0.0211359	-0.998504	0.992516	-0.112389	-0.047756	
0.315378	-0.0495856	0.865728	-0.112724	-0.993281	0.0261996	-0.0503108	-0.0206282	-0.998521	0.992352	-0.113876	-0.0476475	
0.315044	-0.0502174	0.865913	-0.11424	-0.99312	0.0257188	-0.0501754	-0.0200874	-0.998538	0.992185	-0.115363	-0.0475354	
0.314709	-0.0508491	0.866098	-0.115758	-0.992958	0.0252034	-0.050031	-0.019513	-0.998557	0.992017	-0.116852	-0.0474199	
0.314372	-0.0514806	0.866286	-0.117278	-0.992793	0.0246529	-0.0498774	-0.0189046	-0.998576	0.991846	-0.11834	-0.0473009	
0.314033	-0.0521119	0.866476	-0.1188	-0.992626	0.0240668	-0.0497144	-0.0182616	-0.998597	0.991673	-0.11983	-0.0471783	
0.313693	-0.0527432	0.866668	-0.120325	-0.992458	0.0234445	-0.0495417	-0.0175836	-0.998617	0.991498	-0.12132	-0.0470523	
0.313351	-0.0533743	0.866861	-0.121852	-0.992287	0.0227855	-0.049359	-0.0168701	-0.998639	0.99132	-0.122811	-0.0469227	
0.313007	-0.0540053	0.867057	-0.123381	-0.992113	0.0220892	-0.0491663	-0.0161205	-0.998661	0.991141	-0.124302	-0.0467896	
0.312661	-0.0546362	0.867254	-0.124913	-0.991938	0.0213551	-0.0489631	-0.0153345	-0.998683	0.990959	-0.125794	-0.0466529	
0.312313	-0.0552669	0.867453	-0.126447	-0.99176	0.0205828	-0.0487494	-0.0145115	-0.998706	0.990775	-0.127287	-0.0465127	
0.311964	-0.0558975	0.867654	-0.127984	-0.991579	0.0197717	-0.0485248	-0.0136511	-0.998729	0.990588	-0.12878	-0.046369	
0.311613	-0.056528	0.867857	-0.129522	-0.991396	0.0189213	-0.0482891	-0.0127529	-0.998752	0.9904	-0.130274	-0.0462218	
0.311261	-0.0571583	0.868062	-0.131063	-0.99121	0.0180311	-0.048042	-0.0118163	-0.998775	0.990209	-0.131769	-0.046071	
0.310906	-0.0577885	0.868269	-0.132607	-0.991021	0.0171006	-0.0477834	-0.0108411	-0.998799	0.990016	-0.133264	-0.0459167	
0.31055	-0.0584185	0.868477	-0.134152	-0.990829	0.0161294	-0.0475129	-0.0098266	-0.998822	0.989821	-0.13476	-0.0457589	
0.310192	-0.0590485	0.868688	-0.135699	-0.990635	0.0151316	-0.0472323	-0.00878704	-0.998845	0.989624	-0.136257	-0.0455976	
0.309832	-0.0596782	0.8689	-0.137246	-0.990436	0.0141325	-0.046945	-0.00774753	-0.998867	0.989424	-0.137754	-0.0454327	
0.30947	-0.0603079	0.869114	-0.138794	-0.990234	0.013132	-0.0466509	-0.00670807	-0.998889	0.989222	-0.139252	-0.0452643	
0.309107	-0.0609374	0.869331	-0.140341	-0.990029	0.0121302	-0.0463501	-0.00566869	-0.998909	0.989018	-0.140751	-0.0450924	
0.308742	-0.0615668	0.869549	-0.14189	-0.98982	0.0111272	-0.0460426	-0.0046294	-0.998929	0.988811	-0.14225	-0.044917	
0.308375	-0.062196	0.869768	-0.143438	-0.989608	0.0101227	-0.0457283	-0.00359023	-0.998947	0.988602	-0.14375	-0.0447381	
0.308006	-0.0628251	0.86999	-0.144986	-0.989392	0.00911699	-0.0454072	-0.00255119	-0.998965	0.988391	-0.14525	-0.0445557	
0.307636	-0.063454	0.870214	-0.146535	-0.989172	0.00810989	-0.0450795	-0.0015123	-0.998982	0.988178	-0.146751	-0.0443697	
0.30729	-0.0640817	0.870362	-0.148077	-0.98895	0.00710793	-0.0448747	-0.000460969	-0.998993	0.987957	-0.148247	-0.0443106	
0.306955	-0.0647088	0.870474	-0.149615	-0.988725	0.00610801	-0.0447272	0.000596712	-0.998999	0.987732	-0.149739	-0.0443122	
0.306626	-0.0653354	0.870569	-0.151153	-0.988497	0.00510865	-0.0446059	0.00165782	-0.999003	0.987504	-0.15123	-0.0443434	
0.306299	-0.0659617	0.870655	-0.152689	-0.988266	0.00410913	-0.0444959	0.00272093	-0.999006	0.987272	-0.15272	-0.0443892	
0.305972	-0.0665878	0.870736	-0.154226	-0.988031	0.00310912	-0.0443902	0.00378539	-0.999007	0.987038	-0.154211	-0.0444427	
0.305645	-0.0672136	0.870814	-0.155762	-0.987792	0.00210844	-0.0442855	0.00485087	-0.999007	0.986801	-0.155701	-0.0445004	
0.305318	-0.0678391	0.870891	-0.157299	-0.98755	0.00110704	-0.0441801	0.0059172	-0.999006	0.986562	-0.157191	-0.0445609	
0.30499	-0.0684644	0.870966	-0.158835	-0.987305	0.000104875	-0.0440734	0.00698432	-0.999004	0.986321	-0.158682	-0.0446233	
0.304662	-0.0690895	0.871041	-0.160372	-0.987056	-0.000898072	-0.0439651	0.00805217	-0.999001	0.986077	-0.160172	-0.0446874	
0.304333	-0.0697144	0.871114	-0.161909	-0.986804	-0.00189981	-0.0438552	0.00911878	-0.998996	0.985831	-0.161663	-0.0447529	
0.304003	-0.070339	0.871186	-0.163444	-0.986548	-0.00287362	-0.0437482	0.0101577	-0.998991	0.985582	-0.163154	-0.0448199	
0.303673	-0.0709635	0.871257	-0.164979	-0.98629	-0.00381974	-0.0436439	0.0111693	-0.998985	0.985331	-0.164644	-0.0448882	
0.303342	-0.0715876	0.871328	-0.166512	-0.986028	-0.0047384	-0.0435426	0.0121537	-0.998978	0.985078	-0.166135	-0.0449579	
0.303011	-0.0722116	0.871397	-0.168044	-0.985763	-0.00562985	-0.0434442	0.0131113	-0.99897	0.984822	-0.167626	-0.045029	
0.302679	-0.0728353	0.871465	-0.169575	-0.985496	-0.00649432	-0.043349	0.0140421	-0.998961	0.984563	-0.169117	-0.0451014	
0.302346	-0.0734588	0.871533	-0.171105	-0.985226	-0.00733207	-0.0432569	0.0149467	-0.998952	0.984303	-0.170608	-0.0451752	
0.302012	-0.074082	0.871599	-0.172634	-0.984952	-0.00814332	-0.043168	0.0158251	-0.998942	0.98404	-0.1721	-0.0452503	
0.301678	-0.074705	0.871665	-0.174161	-0.984677	-0.00892834	-0.0430824	0.0166777	-0.998932	0.983774	-0.173591	-0.0453268	
0.301343	-0.0753278	0.871729	-0.175688	-0.984398	-0.00968738	-0.0430002	0.0175047	-0.998922	0.983506	-0.175082	-0.0454047	
0.301008	-0.0759503	0.871793	-0.177214	-0.984117	-0.0104207	-0.0429215	0.0183064	-0.998911	0.983236	-0.176573	-0.0454839	
0.300672	-0.0765725	0.871855	-0.178738	-0.983834	-0.0111285	-0.0428463	0.019083	-0.998899	0.982963	-0.178065	-0.0455645	
0.300335	-0.0771946	0.871917	-0.180262	-0.983548	-0.0118111	-0.0427748	0.019835	-0.998888	0.982688	-0.179556	-0.0456465	
0.299998	-0.0778163	0.871977	-0.181784	-0.983259	-0.0124688	-0.0427069	0.0205624	-0.998876	0.982411	-0.181047	-0.0457298	
0.29966	-0.0784379	0.872037	-0.183306	-0.982969	-0.0131017	-0.0426427	0.0212657	-0.998864	0.982131	-0.182539	-0.0458146	
0.299321	-0.0790591	0.872096	-0.184826	-0.982676	-0.0137103	-0.0425824	0.0219451	-0.998852	0.981848	-0.18403	-0.0459007	
0.298981	-0.0796802	0.872154	-0.186346	-0.98238	-0.0142946	-0.0425259	0.0226008	-0.99884	0.981563	-0.185521	-0.0459882	
0.298642	-0.0803009	0.87221	-0.187864	-0.982083	-0.0148551	-0.0424734	0.0232332	-0.998827	0.981276	-0.187013	-0.0460771	
0.298301	-0.0809215	0.872266	-0.189382	-0.981783	-0.015392	-0.0424248	0.0238426	-0.998815	0.980987	-0.188504	-0.0461673	
0.29796	-0.0815417	0.872321	-0.190898	-0.981481	-0.0159055	-0.0423803	0.0244292	-0.998803	0.980695	-0.189995	-0.046259	
0.297618	-0.0821617	0.872375	-0.192414	-0.981177	-0.016396	-0.04234	0.0249934	-0.998791	0.9804	-0.191487	-0.0463521	
0.297275	-0.0827815	0.872428	-0.193928	-0.980871	-0.0168636	-0.0423037	0.0255354	-0.998778	0.980103	-0.192978	-0.0464465	
0.296932	-0.083401	0.87248	-0.195442	-0.980563	-0.0173087	-0.0422717	0.0260555	-0.998766	0.979804	-0.194469	-0.0465424	
0.296588	-0.0840202	0.87253	-0.196955	-0.980252	-0.0177316	-0.0422439	0.0265541	-0.998754	0.979502	-0.19596	-0.0466397	
0.296244	-0.0846391	0.87258	-0.198467	-0.97994	-0.0181326	-0.0422205	0.0270314	-0.998743	0.979198	-0.197451	-0.0467383	
0.295899	-0.0852578	0.872629	-0.199978	-0.979626	-0.0185119	-0.0422013	0.0274877	-0.998731	0.978891	-0.198943	-0.0468384	
0.295553	-0.0858762	0.872677	-0.201488	-0.979309	-0.0188698	-0.0421866	0.0279234	-0.998719	0.978582	-0.200433	-0.0469399	
0.295207	-0.0864944	0.872724	-0.202997	-0.978991	-0.0192066	-0.0421763	0.0283388	-0.998708	0.978271	-0.201924	-0.0470429	
0.29486	-0.0871123	0.87277	-0.204505	-0.978671	-0.0195226	-0.0421704	0.0287341	-0.998697	0.977957	-0.203415	-0.0471472	
0.294512	-0.0877299	0.872815	-0.206012	-0.978349	-0.019818	-0.0421691	0.0291096	-0.998686	0.97764	-0.204906	-0.047253	
0.294164	-0.0883472	0.872859	-0.207519	-0.978025	-0.0200933	-0.0421722	0.0294657	-0.998676	0.977322	-0.206396	-0.0473602	
0.293816	-0.0889643	0.872902	-0.209024	-0.977699	-0.0203486	-0.04218	0.0298027	-0.998665	0.977	-0.207887	-0.0474688	
0.293466	-0.0895811	0.872944	-0.210529	-0.977371	-0.0205842	-0.0421923	0.0301209	-0.998655	0.976677	-0.209377	-0.0475789	
0.293116	-0.0901976	0.872985	-0.212033	-0.977041	-0.0208006	-0.0422093	0.0304206	-0.998646	0.976351	-0.210868	-0.0476904	
0.292766	-0.0908138	0.873025	-0.213536	-0.97671	-0.0209978	-0.0422309	0.030702	-0.998636	0.976022	-0.212358	-0.0478033	
0.292414	-0.0914297	0.873064	-0.215038	-0.976376	-0.0211763	-0.0422572	0.0309657	-0.998627	0.975691	-0.213848	-0.0479177	
0.292062	-0.0920454	0.873102	-0.216539	-0.976041	-0.0213364	-0.0422881	0.0312117	-0.998618	0.975358	-0.215338	-0.0480335	
0.29171	-0.0926608	0.873139	-0.21804	-0.975704	-0.0214782	-0.0423238	0.0314405	-0.998609	0.975022	-0.216827	-0.0481508	
0.291357	-0.0932759	0.873175	-0.219539	-0.975364	-0.0216022	-0.0423642	0.0316524	-0.998601	0.974683	-0.218317	-0.0482695	
0.291003	-0.0938907	0.873211	-0.221038	-0.975024	-0.0217087	-0.0424094	0.0318476	-0.998593	0.974343	-0.219806	-0.0483897	
0.290649	-0.0945052	0.873245	-0.222536	-0.974681	-0.0217978	-0.0424593	0.0320266	-0.998585	0.973999	-0.221295	-0.0485113	
0.290294	-0.0951194	0.873278	-0.224033	-0.974336	-0.02187	-0.042514	0.0321895	-0.998577	0.973654	-0.222784	-0.0486344	
0.289939	-0.0957333	0.87331	-0.225529	-0.97399	-0.0219256	-0.0425734	0.0323368	-0.99857	0.973306	-0.224273	-0.048759	
0.289582	-0.096347	0.873341	-0.227025	-0.973641	-0.0219647	-0.0426377	0.0324688	-0.998563	0.972955	-0.225762	-0.048885	
0.289226	-0.0969603	0.873371	-0.228519	-0.973291	-0.0219878	-0.0427067	0.0325857	-0.998556	0.972602	-0.22725	-0.0490125	
0.288869	-0.0975733	0.8734	-0.230013	-0.972939	-0.0219951	-0.0427805	0.0326879	-0.99855	0.972247	-0.228739	-0.0491415	
0.288511	-0.0981861	0.873428	-0.231506	-0.972585	-0.0219869	-0.0428592	0.0327756	-0.998543	0.971889	-0.230227	-0.0492719	
0.288152	-0.0987985	0.873455	-0.232998	-0.972229	-0.0219636	-0.0429426	0.0328493	-0.998537	0.971529	-0.231715	-0.0494039	
0.287793	-0.0994107	0.873481	-0.23449	-0.971871	-0.0219254	-0.0430308	0.0329092	-0.998532	0.971166	-0.233202	-0.0495373	
0.287433	-0.100023	0.873506	-0.235981	-0.971512	-0.0218727	-0.0431238	0.0329557	-0.998526	0.9708	-0.234689	-0.0496722	
0.287073	-0.100634	0.873529	-0.23747	-0.97115	-0.0218056	-0.0432216	0.032989	-0.998521	0.970433	-0.236177	-0.0498086	
0.286712	-0.101245	0.873552	-0.238959	-0.970787	-0.0217246	-0.0433242	0.0330094	-0.998516	0.970063	-0.237663	-0.0499465	
0.286351	-0.101856	0.873574	-0.240448	-0.970421	-0.02163	-0.0434315	0.0330174	-0.998511	0.96969	-0.23915	-0.0500858	
0.285989	-0.102467	0.873595	-0.241935	-0.970054	-0.0215219	-0.0435437	0.0330131	-0.998506	0.969315	-0.240636	-0.0502267	
0.285626	-0.103077	0.873615	-0.243422	-0.969684	-0.0214008	-0.0436605	0.0329969	-0.998501	0.968937	-0.242122	-0.0503691	
0.285263	-0.103687	0.873634	-0.244907	-0.969313	-0.0212669	-0.0437821	0.0329692	-0.998497	0.968557	-0.243608	-0.050513	
0.284899	-0.104297	0.873652	-0.246392	-0.96894	-0.0211205	-0.0439084	0.0329302	-0.998493	0.968175	-0.245094	-0.0506584	
0.284535	-0.104906	0.873668	-0.247877	-0.968565	-0.0209619	-0.0440394	0.0328802	-0.998489	0.96779	-0.246579	-0.0508053	
0.28417	-0.105515	0.873684	-0.24936	-0.968188	-0.0207914	-0.0441751	0.0328195	-0.998485	0.967403	-0.248064	-0.0509537	
0.283805	-0.106124	0.873699	-0.250843	-0.967808	-0.0206093	-0.0443155	0.0327485	-0.998481	0.967013	-0.249548	-0.0511036	
0.283439	-0.106732	0.873712	-0.252325	-0.967427	-0.020416	-0.0444605	0.0326674	-0.998477	0.966621	-0.251033	-0.0512551	
0.283072	-0.10734	0.873725	-0.253806	-0.967044	-0.0202115	-0.0446101	0.0325766	-0.998473	0.966226	-0.252517	-0.0514081	
0.282705	-0.107948	0.873737	-0.255286	-0.966659	-0.0199964	-0.0447643	0.0324763	-0.99847	0.965829	-0.254	-0.0515626	
0.282337	-0.108555	0.873747	-0.256766	-0.966271	-0.0197708	-0.0449231	0.0323669	-0.998466	0.965429	-0.255483	-0.0517186	
0.281969	-0.109163	0.873757	-0.258244	-0.965882	-0.019535	-0.0450864	0.0322486	-0.998462	0.965027	-0.256966	-0.0518762	
0.2816	-0.109769	0.873765	-0.259722	-0.965491	-0.0192894	-0.0452543	0.0321217	-0.998459	0.964622	-0.258449	-0.0520353	
0.28123	-0.110376	0.873773	-0.261199	-0.965097	-0.0190341	-0.0454266	0.0319866	-0.998455	0.964215	-0.259931	-0.052196	
0.28086	-0.110982	0.873779	-0.262676	-0.964702	-0.0187696	-0.0456034	0.0318435	-0.998452	0.963806	-0.261413	-0.0523581	
0.28049	-0.111588	0.873784	-0.264151	-0.964304	-0.018496	-0.0457846	0.0316927	-0.998448	0.963394	-0.262895	-0.0525219	
0.280119	-0.112193	0.873789	-0.265626	-0.963904	-0.0182136	-0.0459701	0.0315344	-0.998445	0.96298	-0.264376	-0.0526872	
0.279747	-0.112798	0.873792	-0.2671	-0.963502	-0.0179228	-0.0461601	0.0313691	-0.998441	0.962563	-0.265856	-0.052854	
0.279375	-0.113403	0.873794	-0.268573	-0.963098	-0.0176237	-0.0463543	0.0311969	-0.998438	0.962143	-0.267337	-0.0530224	
0.279002	-0.114007	0.873795	-0.270045	-0.962692	-0.0173167	-0.0465528	0.0310182	-0.998434	0.961722	-0.268816	-0.0531923	
0.278628	-0.114611	0.873796	-0.271517	-0.962283	-0.017002	-0.0467556	0.0308332	-0.99843	0.961297	-0.270296	-0.0533638	
0.278254	-0.115215	0.873795	-0.272988	-0.961873	-0.0166799	-0.0469625	0.0306422	-0.998427	0.960871	-0.271775	-0.0535369	
0.27788	-0.115819	0.873793	-0.274458	-0.96146	-0.0163506	-0.0471736	0.0304454	-0.998423	0.960441	-0.273254	-0.0537116	
0.277505	-0.116422	0.87379	-0.275927	-0.961045	-0.0160145	-0.0473889	0.0302431	-0.998419	0.96001	-0.274732	-0.0538878	
0.277129	-0.117024	0.873785	-0.277396	-0.960628	-0.0156716	-0.0476082	0.0300357	-0.998414	0.959576	-0.27621	-0.0540655	
0.276753	-0.117627	0.87378	-0.278863	-0.960209	-0.0153224	-0.0478316	0.0298232	-0.99841	0.959139	-0.277687	-0.0542449	
0.276377	-0.118229	0.873774	-0.28033	-0.959787	-0.0149671	-0.0480589	0.0296061	-0.998406	0.9587	-0.279164	-0.0544258	
0.276	-0.11883	0.873767	-0.281796	-0.959363	-0.0146058	-0.0482902	0.0293845	-0.998401	0.958258	-0.28064	-0.0546083	
0.275622	-0.119432	0.873759	-0.283261	-0.958937	-0.0142389	-0.0485255	0.0291588	-0.998396	0.957814	-0.282116	-0.0547924	
0.275244	-0.120033	0.873749	-0.284726	-0.958509	-0.0138666	-0.0487646	0.0289291	-0.998391	0.957368	-0.283591	-0.0549781	
0.274865	-0.120633	0.873739	-0.286189	-0.958078	-0.0134891	-0.0490075	0.0286957	-0.998386	0.956919	-0.285066	-0.0551654	
0.274485	-0.121233	0.873727	-0.287652	-0.957645	-0.0131066	-0.0492541	0.0284588	-0.998381	0.956468	-0.286541	-0.0553542	
0.274106	-0.121833	0.873715	-0.289114	-0.95721	-0.0127195	-0.0495046	0.0282187	-0.998375	0.956014	-0.288015	-0.0555447	
0.273725	-0.122433	0.873701	-0.290575	-0.956773	-0.0123278	-0.0497587	0.0279757	-0.998369	0.955557	-0.289488	-0.0557368	
0.273344	-0.123032	0.873686	-0.292036	-0.956333	-0.0119319	-0.0500164	0.0277298	-0.998363	0.955099	-0.290961	-0.0559304	
0.272963	-0.123631	0.87367	-0.293495	-0.955891	-0.0115319	-0.0502777	0.0274814	-0.998357	0.954637	-0.292433	-0.0561257	
0.272581	-0.124229	0.873654	-0.294954	-0.955447	-0.0111281	-0.0505426	0.0272307	-0.998351	0.954174	-0.293905	-0.0563225	
0.272199	-0.124827	0.873636	-0.296412	-0.955	-0.0107206	-0.0508109	0.0269778	-0.998344	0.953708	-0.295377	-0.056521	
0.271697	-0.125432	0.873921	-0.297914	-0.954537	-0.0103654	-0.050568	0.0266238	-0.998366	0.953252	-0.296903	-0.0562006	
0.271169	-0.126039	0.874271	-0.299425	-0.954067	-0.0100156	-0.0502197	0.0262419	-0.998393	0.952797	-0.298441	-0.0557705	
0.27064	-0.126645	0.87462	-0.300936	-0.953595	-0.00965977	-0.0498751	0.0258534	-0.998421	0.952339	-0.299979	-0.0553409	
0.270109	-0.127251	0.874968	-0.302448	-0.953121	-0.00929918	-0.0495337	0.0254596	-0.998448	0.951878	-0.301517	-0.0549118	
0.269577	-0.127857	0.875316	-0.303959	-0.952643	-0.00893487	-0.0491953	0.0250614	-0.998475	0.951414	-0.303056	-0.0544832	
0.269044	-0.128462	0.875663	-0.305471	-0.952163	-0.00856774	-0.0488597	0.0246598	-0.998501	0.950947	-0.304595	-0.0540552	
0.26851	-0.129067	0.87601	-0.306984	-0.951679	-0.00819852	-0.0485265	0.0242553	-0.998527	0.950477	-0.306134	-0.0536277	
0.267975	-0.129671	0.876368	-0.308487	-0.951196	-0.00782828	-0.0481152	0.0238226	-0.998558	0.950011	-0.307666	-0.053116	
0.267445	-0.130268	0.876795	-0.309933	-0.950729	-0.00745999	-0.0472104	0.0232261	-0.998615	0.949585	-0.309152	-0.0520828	
0.266922	-0.130848	0.877275	-0.311256	-0.950298	-0.00725514	-0.045889	0.0226548	-0.99869	0.949217	-0.310515	-0.0506597	
0.266593	-0.130714	0.877816	-0.311103	-0.950348	-0.0072556	-0.0444465	0.0221751	-0.998766	0.949336	-0.310397	-0.0491384	
0.266395	-0.130128	0.878392	-0.309941	-0.950727	-0.00744429	-0.0429196	0.021813	-0.99884	0.949787	-0.309262	-0.0475655	
0.266203	-0.129516	0.878965	-0.308601	-0.951158	-0.0079897	-0.0413068	0.0217927	-0.998909	0.950294	-0.307934	-0.0460145	
0.266013	-0.128893	0.879536	-0.307186	-0.95161	-0.00868203	-0.039659	0.0219163	-0.998973	0.950823	-0.306526	-0.0444723	
0.265822	-0.12827	0.880106	-0.305768	-0.95206	-0.00937248	-0.0380121	0.022043	-0.999034	0.951347	-0.305116	-0.0429298	
0.265671	-0.12765	0.880657	-0.304348	-0.952508	-0.0100443	-0.0364392	0.0221786	-0.99909	0.951864	-0.303705	-0.0414587	
0.265557	-0.127033	0.881187	-0.302927	-0.952954	-0.0106986	-0.034936	0.0223226	-0.99914	0.952373	-0.302292	-0.0400545	
0.265475	-0.126417	0.881683	-0.3015	-0.953399	-0.0113369	-0.0335162	0.0224804	-0.999185	0.952877	-0.300874	-0.0387322	
0.265399	-0.125802	0.882173	-0.300071	-0.953842	-0.0119711	-0.0321101	0.0226422	-0.999228	0.953376	-0.299455	-0.0374223	
0.26532	-0.125186	0.882666	-0.29864	-0.954283	-0.0126039	-0.0307006	0.0228057	-0.999268	0.953872	-0.298034	-0.0361077	
0.265237	-0.124569	0.883162	-0.297206	-0.954721	-0.013236	-0.0292848	0.0229705	-0.999307	0.954364	-0.296613	-0.0347858	
0.265148	-0.123952	0.88366	-0.295771	-0.955158	-0.0138676	-0.0278619	0.0231368	-0.999344	0.954852	-0.295191	-0.0334557	
0.265054	-0.123335	0.884161	-0.294334	-0.955593	-0.0144991	-0.0264311	0.0233045	-0.999379	0.955337	-0.293768	-0.0321167	
0.264952	-0.122717	0.884663	-0.292894	-0.956025	-0.0151305	-0.0249919	0.0234738	-0.999412	0.955818	-0.292343	-0.0307682	
0.264842	-0.122098	0.885168	-0.291451	-0.956456	-0.0157621	-0.0235434	0.0236447	-0.999443	0.956296	-0.290917	-0.0294095	
0.264722	-0.121478	0.885673	-0.290005	-0.956885	-0.0163941	-0.0220852	0.0238171	-0.999472	0.95677	-0.28949	-0.0280401	
0.264592	-0.120857	0.886179	-0.288556	-0.957312	-0.0170265	-0.0206165	0.0239912	-0.9995	0.957241	-0.28806	-0.0266592	
0.264451	-0.120235	0.886685	-0.287104	-0.957737	-0.0176596	-0.0191367	0.0241668	-0.999525	0.957708	-0.286629	-0.0252663	
0.264298	-0.119612	0.887191	-0.285648	-0.95816	-0.0182935	-0.0176453	0.0243441	-0.999548	0.958172	-0.285196	-0.0238608	
0.264131	-0.118987	0.887697	-0.284188	-0.958582	-0.0189282	-0.0161415	0.0245229	-0.999569	0.958633	-0.28376	-0.0224421	
0.263949	-0.118361	0.888201	-0.282725	-0.959001	-0.0195638	-0.0146247	0.0247033	-0.999588	0.959089	-0.282322	-0.0210094	
0.263762	-0.117734	0.8887	-0.281258	-0.95942	-0.0201972	-0.0131101	0.0248864	-0.999604	0.959543	-0.280882	-0.0195776	
0.263575	-0.117106	0.889192	-0.279788	-0.959836	-0.0208249	-0.0116093	0.0250721	-0.999618	0.959992	-0.279439	-0.0181579	
0.263389	-0.116479	0.889681	-0.278315	-0.96025	-0.0214477	-0.010114	0.0252586	-0.99963	0.960437	-0.277995	-0.0167418	
0.263201	-0.115851	0.89017	-0.27684	-0.960663	-0.0220655	-0.00862063	0.025445	-0.999639	0.960877	-0.27655	-0.0153257	
0.263011	-0.115223	0.890659	-0.275363	-0.961073	-0.0226781	-0.00712785	0.0256305	-0.999646	0.961314	-0.275104	-0.0139081	
0.262819	-0.114595	0.891149	-0.273884	-0.961481	-0.0232852	-0.00563509	0.0258149	-0.999651	0.961746	-0.273658	-0.0124883	
0.262625	-0.113967	0.89164	-0.272404	-0.961887	-0.0238867	-0.00414219	0.0259976	-0.999653	0.962174	-0.27221	-0.0110662	
0.26243	-0.113339	0.892132	-0.270921	-0.96229	-0.024482	-0.00264915	0.0261784	-0.999654	0.962598	-0.270762	-0.00964154	
0.262232	-0.112711	0.892625	-0.269436	-0.962692	-0.0250709	-0.00115606	0.026357	-0.999652	0.963018	-0.269313	-0.00821445	
0.262033	-0.112083	0.893119	-0.267949	-0.963091	-0.0256529	0.000336978	0.0265329	-0.999648	0.963433	-0.267864	-0.00678493	
0.261831	-0.111455	0.893613	-0.266461	-0.963489	-0.0262277	0.00182983	0.0267058	-0.999642	0.963844	-0.266413	-0.00535302	
0.261628	-0.110826	0.894109	-0.264971	-0.963884	-0.0267947	0.00332237	0.0268752	-0.999633	0.964251	-0.264962	-0.00391876	
0.261422	-0.110198	0.894606	-0.263478	-0.964277	-0.0273537	0.00481444	0.0270408	-0.999623	0.964653	-0.263511	-0.00248221	
0.261215	-0.109569	0.895103	-0.261984	-0.964669	-0.027904	0.00630592	0.0272022	-0.99961	0.965051	-0.262058	-0.00104342	
0.261005	-0.108941	0.895602	-0.260489	-0.965058	-0.0284453	0.00779666	0.0273588	-0.999595	0.965445	-0.260605	0.000397552	
0.260794	-0.108312	0.896101	-0.258991	-0.965445	-0.0289771	0.0092865	0.0275104	-0.999578	0.965835	-0.259151	0.00184066	
0.260581	-0.107684	0.896601	-0.257492	-0.96583	-0.0294988	0.0107753	0.0276563	-0.999559	0.96622	-0.257697	0.00328584	
0.260366	-0.107055	0.897102	-0.255991	-0.966213	-0.0300101	0.0122629	0.0277961	-0.999538	0.966601	-0.256241	0.00473305	
0.260149	-0.106426	0.897603	-0.254489	-0.966594	-0.0305102	0.0137492	0.0279294	-0.999515	0.966978	-0.254785	0.00618223	
0.25993	-0.105798	0.898105	-0.252985	-0.966973	-0.0309987	0.0152341	0.0280555	-0.99949	0.96735	-0.253328	0.00763333	
0.259709	-0.105169	0.898608	-0.25148	-0.967351	-0.0314751	0.0167173	0.028174	-0.999463	0.967718	-0.251871	0.00908629	
0.259486	-0.10454	0.899111	-0.249973	-0.967726	-0.0319387	0.0181987	0.0282843	-0.999434	0.968082	-0.250413	0.0105411	
0.259262	-0.103911	0.899615	-0.248464	-0.968099	-0.032389	0.0196782	0.0283859	-0.999403	0.968441	-0.248954	0.0119976	
0.259035	-0.103282	0.90012	-0.246955	-0.968471	-0.0328254	0.0211557	0.0284781	-0.999371	0.968796	-0.247494	0.0134559	
0.258807	-0.102653	0.900625	-0.245444	-0.96884	-0.0332472	0.0226309	0.0285604	-0.999336	0.969147	-0.246033	0.0149158	
0.258577	-0.102024	0.90113	-0.243932	-0.969208	-0.0336539	0.0241038	0.0286322	-0.999299	0.969493	-0.244572	0.0163773	
0.258345	-0.101395	0.901636	-0.242419	-0.969574	-0.0340447	0.0255741	0.0286929	-0.999261	0.969835	-0.24311	0.0178403	
0.258111	-0.100766	0.902143	-0.240905	-0.969938	-0.0344191	0.0270418	0.0287418	-0.999221	0.970172	-0.241648	0.0193049	
0.257875	-0.100136	0.90265	-0.23939	-0.970301	-0.0347763	0.0285068	0.0287783	-0.999179	0.970505	-0.240185	0.0207709	
0.257638	-0.0995072	0.903157	-0.237874	-0.970661	-0.0351158	0.0299687	0.0288016	-0.999136	0.970834	-0.238721	0.0222383	
0.257399	-0.0988779	0.903665	-0.236357	-0.97102	-0.0354367	0.0314276	0.0288113	-0.999091	0.971158	-0.237256	0.0237071	
0.257158	-0.0982486	0.904173	-0.23484	-0.971377	-0.0357383	0.0328832	0.0288064	-0.999044	0.971478	-0.23579	0.0251771	
0.256915	-0.0976192	0.904681	-0.233322	-0.971732	-0.03602	0.0343355	0.0287864	-0.998996	0.971793	-0.234324	0.0266484	
0.256671	-0.0969898	0.90519	-0.231804	-0.972086	-0.0362811	0.0357843	0.0287504	-0.998946	0.972104	-0.232858	0.028121	
0.256424	-0.0963604	0.905699	-0.230285	-0.972438	-0.0365207	0.0372294	0.0286979	-0.998895	0.972411	-0.23139	0.0295946	
0.256176	-0.0957309	0.906208	-0.228766	-0.972788	-0.0367381	0.0386708	0.028628	-0.998842	0.972713	-0.229922	0.0310694	
0.255926	-0.0951014	0.906718	-0.227247	-0.973137	-0.0369325	0.0401083	0.0285399	-0.998788	0.973011	-0.228453	0.0325452	
0.255675	-0.0944719	0.907227	-0.225728	-0.973484	-0.0371032	0.0415417	0.0284329	-0.998732	0.973304	-0.226983	0.0340221	
0.255422	-0.0938424	0.907737	-0.224209	-0.973829	-0.0372493	0.042971	0.0283062	-0.998675	0.973593	-0.225513	0.0354999	
0.255167	-0.0932128	0.908247	-0.222691	-0.974173	-0.03737	0.044396	0.0281591	-0.998617	0.973878	-0.224042	0.0369786	
0.25491	-0.0925832	0.908757	-0.221173	-0.974515	-0.0374646	0.0458165	0.0279906	-0.998558	0.974158	-0.22257	0.0384581	
0.254652	-0.0919536	0.909267	-0.219655	-0.974855	-0.0375322	0.0472326	0.0277999	-0.998497	0.974433	-0.221098	0.0399385	
0.254392	-0.091324	0.909777	-0.218139	-0.975194	-0.037572	0.048644	0.0275863	-0.998435	0.974705	-0.219625	0.0414197	
0.25413	-0.0906943	0.910287	-0.216623	-0.975532	-0.037583	0.0500507	0.0273489	-0.998372	0.974972	-0.218151	0.0429016	
0.253867	-0.0900647	0.910797	-0.215108	-0.975868	-0.0375645	0.0514525	0.0270868	-0.998308	0.975234	-0.216677	0.0443842	
0.253602	-0.089435	0.911307	-0.213595	-0.976202	-0.0375156	0.0528493	0.0267991	-0.998243	0.975492	-0.215202	0.0458674	
0.253335	-0.0888053	0.911817	-0.212083	-0.976534	-0.0374354	0.0542411	0.026485	-0.998177	0.975745	-0.213726	0.0473513	
0.253067	-0.0881756	0.912327	-0.210572	-0.976866	-0.037323	0.0556277	0.0261436	-0.998109	0.975994	-0.21225	0.0488356	
0.252797	-0.0875459	0.912837	-0.209063	-0.977195	-0.0371775	0.057009	0.025774	-0.998041	0.976239	-0.210773	0.0503205	
0.252525	-0.0869162	0.913347	-0.207556	-0.977523	-0.0369981	0.058385	0.0253752	-0.997972	0.976479	-0.209296	0.0518059	
0.252252	-0.0862865	0.913857	-0.206052	-0.977849	-0.0367838	0.0597556	0.0249464	-0.997901	0.976715	-0.207817	0.0532917	
0.251977	-0.0856568	0.914366	-0.204549	-0.978174	-0.0365336	0.0611206	0.0244866	-0.99783	0.976946	-0.206338	0.0547779	
0.251701	-0.0850271	0.914876	-0.20305	-0.978497	-0.0362467	0.0624801	0.0239949	-0.997758	0.977173	-0.204859	0.0562644	
0.251423	-0.0843974	0.915385	-0.201553	-0.978819	-0.0359222	0.0638338	0.0234703	-0.997685	0.977395	-0.203379	0.0577513	
0.251143	-0.0837677	0.915894	-0.200059	-0.979138	-0.035559	0.0651819	0.0229118	-0.99761	0.977613	-0.201898	0.0592384	
0.250862	-0.0831381	0.916402	-0.198568	-0.979456	-0.0351563	0.0665241	0.0223186	-0.997535	0.977827	-0.200417	0.0607257	
0.250579	-0.0825084	0.916911	-0.19708	-0.979773	-0.0347131	0.0678605	0.0216897	-0.997459	0.978036	-0.198935	0.0622132	
0.250295	-0.0818788	0.917419	-0.195596	-0.980087	-0.0342284	0.0691909	0.021024	-0.997382	0.978241	-0.197453	0.0637009	
0.250009	-0.0812491	0.917927	-0.194116	-0.980399	-0.0337013	0.0705154	0.0203206	-0.997304	0.978441	-0.195969	0.0651887	
0.249722	-0.0806195	0.918435	-0.192641	-0.98071	-0.0331309	0.0718338	0.0195785	-0.997224	0.978637	-0.194486	0.0666765	
0.249433	-0.0799899	0.918942	-0.191169	-0.981018	-0.032516	0.0731462	0.0187967	-0.997144	0.978828	-0.193002	0.0681644	
0.249142	-0.0793603	0.919449	-0.189702	-0.981325	-0.0318559	0.0744525	0.0179742	-0.997063	0.979015	-0.191517	0.0696523	
0.248851	-0.0787308	0.919955	-0.18824	-0.981629	-0.0311494	0.0757527	0.01711	-0.99698	0.979197	-0.190031	0.0711402	
0.248557	-0.0781013	0.920462	-0.186783	-0.981931	-0.0303957	0.0770467	0.016203	-0.996896	0.979375	-0.188545	0.072628	
0.248262	-0.0774718	0.920967	-0.185332	-0.98223	-0.0295936	0.0783345	0.0152524	-0.99681	0.979549	-0.187059	0.0741157	
0.247966	-0.0768423	0.921473	-0.183886	-0.982527	-0.0287423	0.0796161	0.014257	-0.996724	0.979718	-0.185572	0.0756033	
0.247668	-0.0762129	0.921978	-0.182446	-0.982822	-0.0278408	0.0808915	0.0132158	-0.996635	0.979883	-0.184084	0.0770907	
0.247368	-0.0755835	0.922482	-0.181012	-0.983113	-0.0268881	0.0821606	0.0121279	-0.996545	0.980043	-0.182596	0.0785779	
0.247068	-0.0749542	0.922986	-0.179583	-0.983402	-0.0259147	0.0834293	0.0110233	-0.996453	0.980199	-0.181108	0.0800649	
0.246909	-0.0743233	0.923202	-0.178134	-0.98369	-0.0249332	0.0841956	0.0100085	-0.996399	0.980398	-0.179592	0.0810395	
0.24682	-0.0736919	0.923279	-0.176675	-0.983977	-0.0239794	0.0847248	0.00906883	-0.996363	0.980616	-0.178064	0.081765	
0.246764	-0.0730602	0.923287	-0.175209	-0.984261	-0.0230554	0.0851431	0.00818191	-0.996335	0.980843	-0.176529	0.0823695	
0.246724	-0.0724285	0.923262	-0.173739	-0.984542	-0.0221618	0.0855114	0.00733685	-0.99631	0.981072	-0.174993	0.0829149	
0.246691	-0.0717968	0.923221	-0.172266	-0.98482	-0.0212988	0.0858591	0.00652823	-0.996286	0.981302	-0.173455	0.0834312	
0.246661	-0.0711653	0.923171	-0.170791	-0.985095	-0.0204663	0.0862001	0.00575326	-0.996261	0.981529	-0.171917	0.0839327	
0.246633	-0.0705338	0.923117	-0.169315	-0.985366	-0.0196638	0.0865412	0.00501045	-0.996236	0.981755	-0.170379	0.0844264	
0.246605	-0.0699025	0.92306	-0.167836	-0.985634	-0.0188912	0.0868853	0.00429886	-0.996209	0.981979	-0.168842	0.0849156	
0.246576	-0.0692713	0.923002	-0.166357	-0.985899	-0.0181481	0.0872339	0.00361788	-0.996181	0.982199	-0.167304	0.0854019	
0.246547	-0.0686403	0.922942	-0.164875	-0.98616	-0.017434	0.0875874	0.00296701	-0.996152	0.982418	-0.165768	0.0858861	
0.246518	-0.0680094	0.922881	-0.163392	-0.986419	-0.0167486	0.0879462	0.00234582	-0.996122	0.982633	-0.164232	0.0863685	
0.246489	-0.0673787	0.922819	-0.161908	-0.986675	-0.0160915	0.08831	0.00175393	-0.996091	0.982846	-0.162696	0.0868492	
0.246459	-0.0667481	0.922756	-0.160422	-0.986927	-0.0154623	0.0886788	0.00119095	-0.99606	0.983057	-0.161161	0.0873285	
0.246428	-0.0661176	0.922692	-0.158934	-0.987177	-0.0148606	0.0890524	0.000656491	-0.996027	0.983265	-0.159626	0.0878062	
0.246397	-0.0654873	0.922627	-0.157445	-0.987424	-0.014286	0.0894307	0.000150185	-0.995993	0.98347	-0.158092	0.0882824	
0.246365	-0.0648572	0.922561	-0.155955	-0.987669	-0.0137381	0.0898135	-0.000328346	-0.995959	0.983673	-0.156558	0.0887572	
0.246333	-0.0642272	0.922494	-0.154463	-0.98791	-0.0132164	0.0902005	-0.000779479	-0.995923	0.983873	-0.155025	0.0892304	
0.2463	-0.0635974	0.922426	-0.152969	-0.988149	-0.0127207	0.0905917	-0.00120359	-0.995887	0.98407	-0.153493	0.0897022	
0.246267	-0.0629677	0.922358	-0.151474	-0.988385	-0.0122505	0.0909867	-0.00160106	-0.995851	0.984265	-0.151961	0.0901724	
0.246233	-0.0623382	0.922288	-0.149978	-0.988619	-0.0118054	0.0913854	-0.00197227	-0.995814	0.984457	-0.150429	0.0906412	
0.246199	-0.0617088	0.922218	-0.14848	-0.98885	-0.011385	0.0917877	-0.0023176	-0.995776	0.984646	-0.148898	0.0911084	
0.246164	-0.0610796	0.922146	-0.146981	-0.989078	-0.0109889	0.0921934	-0.00263742	-0.995738	0.984833	-0.147368	0.0915741	
0.246129	-0.0604506	0.922073	-0.145481	-0.989304	-0.0106167	0.0926022	-0.00293212	-0.995699	0.985018	-0.145838	0.0920383	
0.246093	-0.0598217	0.922	-0.143979	-0.989528	-0.010268	0.093014	-0.00320209	-0.99566	0.9852	-0.144309	0.0925009	
0.246057	-0.0591931	0.921926	-0.142475	-0.989748	-0.00994247	0.0934286	-0.0034477	-0.99562	0.985379	-0.14278	0.092962	
0.24602	-0.0585645	0.92185	-0.140971	-0.989967	-0.00963961	0.0938459	-0.00366933	-0.99558	0.985556	-0.141252	0.0934216	
0.245983	-0.0579362	0.921774	-0.139465	-0.990183	-0.00935907	0.0942657	-0.00386737	-0.99554	0.98573	-0.139725	0.0938796	
0.245945	-0.057308	0.921696	-0.137957	-0.990396	-0.00910044	0.0946878	-0.00404221	-0.995499	0.985902	-0.138198	0.0943361	
0.245907	-0.05668	0.921618	-0.136449	-0.990608	-0.00886334	0.095112	-0.00419421	-0.995458	0.986071	-0.136672	0.0947909	
0.245868	-0.0560522	0.921539	-0.134939	-0.990816	-0.00864736	0.0955382	-0.00432377	-0.995416	0.986237	-0.135146	0.0952443	
