0.31809	-0.00331819	0.832751	0.000186269	-1	-0.000359487	0.000774061	0.000359631	-1	1	0.000185991	0.000774128	
0.318106	-0.00709829	0.833587	0.00018143	-1	6.22409e-06	0.000742102	-6.08945e-06	-1	1	0.000181435	0.0007421	
0.318121	-0.0105913	0.833608	0.000181637	-1	3.02218e-07	0.000715229	-1.72306e-07	-1	1	0.000181638	0.000715229	
0.318135	-0.0140915	0.833621	0.000181954	-1	1.82371e-07	0.000688283	-5.71352e-08	-1	1	0.000181955	0.000688283	
0.31815	-0.0175917	0.833635	0.000182343	-1	1.16104e-07	0.000661378	4.49383e-09	-1	1	0.000182343	0.000661378	
0.318164	-0.021092	0.833648	0.000182803	-1	4.95953e-08	0.000634519	6.63969e-08	-1	1	0.000182803	0.000634519	
0.318179	-0.0245924	0.833662	0.000183333	-1	-1.59784e-08	0.000607704	1.2739e-07	-1	1	0.000183333	0.000607704	
0.318193	-0.0280927	0.833675	0.00018393	-1	-8.05173e-08	0.000580934	1.87368e-07	-1	1	0.000183929	0.000580934	
0.318208	-0.0315931	0.833689	0.000184592	-1	-1.43933e-07	0.000554211	2.46236e-07	-1	1	0.000184592	0.000554211	
0.318222	-0.0350935	0.833702	0.000185317	-1	-2.06141e-07	0.000527535	3.03902e-07	-1	1	0.000185317	0.000527535	
0.318237	-0.038594	0.833715	0.000186103	-1	-2.67057e-07	0.000500907	3.60277e-07	-1	1	0.000186103	0.000500907	
0.318251	-0.0420945	0.833729	0.000186948	-1	-3.26602e-07	0.000474326	4.15276e-07	-1	1	0.000186948	0.000474326	
0.318266	-0.045595	0.833742	0.000187849	-1	-3.84698e-07	0.000447795	4.68816e-07	-1	1	0.000187849	0.000447795	
0.31828	-0.0490955	0.833755	0.000188803	-1	-4.41273e-07	0.000421313	5.20818e-07	-1	1	0.000188803	0.000421313	
0.318294	-0.0525961	0.833769	0.000189808	-1	-4.96256e-07	0.000394881	5.71207e-07	-1	1	0.000189808	0.000394881	
0.318309	-0.0560967	0.833782	0.000190861	-1	-5.49581e-07	0.0003685	6.19913e-07	-1	1	0.000190861	0.0003685	
0.318323	-0.0595973	0.833795	0.00019196	-1	-6.01186e-07	0.00034217	6.66869e-07	-1	1	0.000191959	0.00034217	
0.318337	-0.0630979	0.833808	0.0001931	-1	-6.51014e-07	0.000315892	7.12013e-07	-1	1	0.0001931	0.000315892	
0.318352	-0.0665986	0.833821	0.00019428	-1	-6.9901e-07	0.000289666	7.55286e-07	-1	1	0.00019428	0.000289666	
0.318366	-0.0700992	0.833834	0.000195496	-1	-7.45125e-07	0.000263493	7.96636e-07	-1	1	0.000195495	0.000263493	
0.31838	-0.0735999	0.833848	0.000196744	-1	-7.89314e-07	0.000237374	8.36015e-07	-1	1	0.000196744	0.000237374	
0.318395	-0.0771006	0.833861	0.000198023	-1	-8.31536e-07	0.000211308	8.7338e-07	-1	1	0.000198023	0.000211308	
0.318409	-0.0806013	0.833874	0.000199328	-1	-8.71756e-07	0.000185297	9.08691e-07	-1	1	0.000199327	0.000185297	
0.318423	-0.084102	0.833887	0.000200656	-1	-9.09943e-07	0.00015934	9.41915e-07	-1	1	0.000200656	0.00015934	
0.318437	-0.0876028	0.8339	0.000202004	-1	-9.46069e-07	0.000133439	9.73024e-07	-1	1	0.000202003	0.000133439	
0.318451	-0.0911035	0.833913	0.000203368	-1	-9.80112e-07	0.000107593	1.00199e-06	-1	1	0.000203368	0.000107593	
0.318465	-0.0946042	0.833926	0.000204745	-1	-1.01206e-06	8.1802e-05	1.0288e-06	-1	1	0.000204745	8.18023e-05	
0.318479	-0.098105	0.833938	0.000206132	-1	-1.04189e-06	5.60675e-05	1.05344e-06	-1	1	0.000206131	5.60677e-05	
0.318493	-0.101606	0.833951	0.000207524	-1	-1.06959e-06	3.03892e-05	1.0759e-06	-1	1	0.000207524	3.03894e-05	
0.318507	-0.105106	0.833964	0.000208919	-1	-1.09518e-06	4.76717e-06	1.09617e-06	-1	1	0.000208919	4.7674e-06	
0.318521	-0.108607	0.833977	0.000210314	-1	-1.11863e-06	-2.07983e-05	1.11426e-06	-1	1	0.000210314	-2.07981e-05	
0.318535	-0.112108	0.83399	0.000211703	-1	-1.13997e-06	-4.63072e-05	1.13017e-06	-1	1	0.000211703	-4.63069e-05	
0.318549	-0.115609	0.834003	0.000213085	-1	-1.15919e-06	-7.17594e-05	1.1439e-06	-1	1	0.000213085	-7.17591e-05	
0.318563	-0.119109	0.834015	0.000214455	-1	-1.17631e-06	-9.71549e-05	1.15548e-06	-1	1	0.000214456	-9.71547e-05	
0.318577	-0.12261	0.834028	0.000215811	-1	-1.19135e-06	-0.000122494	1.16491e-06	-1	1	0.000215811	-0.000122494	
0.318591	-0.126111	0.834041	0.000217148	-1	-1.20432e-06	-0.000147776	1.17223e-06	-1	1	0.000217148	-0.000147776	
0.318604	-0.129612	0.834053	0.000218463	-1	-1.21524e-06	-0.000173002	1.17745e-06	-1	1	0.000218464	-0.000173002	
0.318618	-0.133112	0.834066	0.000219754	-1	-1.22416e-06	-0.000198171	1.18061e-06	-1	1	0.000219754	-0.000198171	
0.318632	-0.136613	0.834079	0.000221015	-1	-1.23108e-06	-0.000223285	1.18173e-06	-1	1	0.000221015	-0.000223285	
0.318645	-0.140114	0.834091	0.000222245	-1	-1.23605e-06	-0.000248342	1.18086e-06	-1	1	0.000222245	-0.000248342	
0.318659	-0.143614	0.834104	0.000223439	-1	-1.2391e-06	-0.000273345	1.17803e-06	-1	1	0.00022344	-0.000273344	
0.318673	-0.147115	0.834116	0.000224596	-1	-1.24027e-06	-0.000298292	1.17328e-06	-1	1	0.000224596	-0.000298291	
0.318686	-0.150615	0.834129	0.00022571	-1	-1.2396e-06	-0.000323184	1.16666e-06	-1	1	0.000225711	-0.000323184	
0.3187	-0.154116	0.834141	0.00022678	-1	-1.23714e-06	-0.000348022	1.15821e-06	-1	1	0.000226781	-0.000348022	
0.318713	-0.157617	0.834154	0.000227802	-1	-1.23291e-06	-0.000372806	1.14799e-06	-1	1	0.000227803	-0.000372806	
0.318726	-0.161117	0.834166	0.000228774	-1	-1.22698e-06	-0.000397537	1.13604e-06	-1	1	0.000228774	-0.000397537	
0.31874	-0.164618	0.834178	0.000229691	-1	-1.2194e-06	-0.000422215	1.12242e-06	-1	1	0.000229692	-0.000422215	
0.318753	-0.168118	0.834191	0.000230552	-1	-1.21019e-06	-0.000446842	1.10717e-06	-1	1	0.000230553	-0.000446842	
0.318766	-0.171618	0.834203	0.000231354	-1	-1.19943e-06	-0.000471417	1.09037e-06	-1	1	0.000231354	-0.000471417	
0.318779	-0.175119	0.834215	0.000232093	-1	-1.18717e-06	-0.000495942	1.07206e-06	-1	1	0.000232093	-0.000495942	
0.318792	-0.178619	0.834228	0.000232767	-1	-1.17344e-06	-0.000520417	1.05231e-06	-1	1	0.000232768	-0.000520417	
0.318805	-0.18212	0.83424	0.000233374	-1	-1.15831e-06	-0.000544843	1.03116e-06	-1	1	0.000233375	-0.000544843	
0.318818	-0.18562	0.834252	0.000233911	-1	-1.14184e-06	-0.000569221	1.00869e-06	-1	1	0.000233911	-0.000569221	
0.318831	-0.18912	0.834264	0.000234375	-1	-1.12407e-06	-0.000593553	9.84955e-07	-1	1	0.000234375	-0.000593553	
0.318844	-0.19262	0.834277	0.000234764	-1	-1.10506e-06	-0.000617838	9.60013e-07	-1	1	0.000234765	-0.000617838	
0.318857	-0.196121	0.834289	0.000235076	-1	-1.08486e-06	-0.000642079	9.33927e-07	-1	1	0.000235077	-0.000642078	
0.31887	-0.199621	0.834301	0.000235309	-1	-1.06354e-06	-0.000666275	9.06759e-07	-1	1	0.000235309	-0.000666275	
0.318883	-0.203121	0.834313	0.00023546	-1	-1.04114e-06	-0.000690429	8.78571e-07	-1	1	0.00023546	-0.000690429	
0.318895	-0.206621	0.834325	0.000235527	-1	-1.01772e-06	-0.000714541	8.49423e-07	-1	1	0.000235528	-0.000714541	
0.318908	-0.210121	0.834337	0.000235508	-1	-9.93327e-07	-0.000738613	8.19377e-07	-1	1	0.000235509	-0.000738613	
0.318921	-0.213621	0.834349	0.000235402	-1	-9.68023e-07	-0.000762646	7.88494e-07	-1	1	0.000235403	-0.000762646	
0.318933	-0.217121	0.834361	0.000235207	-1	-9.41858e-07	-0.000786641	7.56834e-07	-1	1	0.000235208	-0.000786641	
0.318946	-0.220621	0.834373	0.00023492	-1	-9.14883e-07	-0.0008106	7.24456e-07	-1	1	0.000234921	-0.0008106	
0.318958	-0.22412	0.834385	0.000234541	-1	-8.8715e-07	-0.000834524	6.9142e-07	-1	1	0.000234541	-0.000834524	
0.31897	-0.22762	0.834397	0.000234067	-1	-8.5871e-07	-0.000858414	6.57783e-07	-1	1	0.000234067	-0.000858414	
0.318983	-0.23112	0.834409	0.000233497	-1	-8.29612e-07	-0.000882272	6.23604e-07	-1	1	0.000233497	-0.000882272	
0.318995	-0.23462	0.834421	0.000232829	-1	-7.99904e-07	-0.0009061	5.88937e-07	-1	1	0.00023283	-0.000906099	
0.319007	-0.238119	0.834433	0.000232063	-1	-7.69634e-07	-0.000929898	5.53839e-07	-1	1	0.000232063	-0.000929898	
0.319019	-0.241619	0.834445	0.000231196	-1	-7.38849e-07	-0.000953669	5.18364e-07	-1	1	0.000231197	-0.000953669	
0.319031	-0.245118	0.834457	0.000230228	-1	-7.07593e-07	-0.000977414	4.82565e-07	-1	0.999999	0.000230229	-0.000977414	
0.319043	-0.248618	0.834469	0.000229157	-1	-6.75911e-07	-0.00100114	4.46493e-07	-0.999999	0.999999	0.000229158	-0.00100114	
0.319055	-0.252117	0.834481	0.000227983	-1	-6.43845e-07	-0.00102483	4.102e-07	-0.999999	0.999999	0.000227984	-0.00102483	
0.319067	-0.255617	0.834493	0.000226704	-1	-6.11437e-07	-0.00104851	3.73735e-07	-0.999999	0.999999	0.000226705	-0.00104851	
0.319079	-0.259116	0.834505	0.000225319	-1	-5.78728e-07	-0.00107217	3.37147e-07	-0.999999	0.999999	0.00022532	-0.00107217	
0.31909	-0.262615	0.834517	0.000223828	-1	-5.45755e-07	-0.00109581	3.00481e-07	-0.999999	0.999999	0.000223828	-0.00109581	
0.319102	-0.266114	0.834529	0.000222229	-1	-5.12556e-07	-0.00111944	2.63784e-07	-0.999999	0.999999	0.000222229	-0.00111944	
0.319113	-0.269613	0.83454	0.000220522	-1	-4.79169e-07	-0.00114305	2.27101e-07	-0.999999	0.999999	0.000220522	-0.00114305	
0.319125	-0.273113	0.834552	0.000218706	-1	-4.45628e-07	-0.00116665	1.90474e-07	-0.999999	0.999999	0.000218706	-0.00116665	
0.319136	-0.276612	0.834564	0.00021678	-1	-4.11966e-07	-0.00119024	1.53944e-07	-0.999999	0.999999	0.000216781	-0.00119024	
0.319148	-0.280111	0.834576	0.000214745	-1	-3.78216e-07	-0.00121383	1.17553e-07	-0.999999	0.999999	0.000214745	-0.00121383	
0.319159	-0.283609	0.834588	0.000212598	-1	-3.44408e-07	-0.00123741	8.13382e-08	-0.999999	0.999999	0.000212598	-0.00123741	
0.31917	-0.287108	0.8346	0.00021034	-1	-3.10574e-07	-0.00126098	4.53388e-08	-0.999999	0.999999	0.00021034	-0.00126098	
0.319182	-0.290607	0.834611	0.00020797	-1	-2.7674e-07	-0.00128455	9.59055e-09	-0.999999	0.999999	0.00020797	-0.00128455	
0.319193	-0.294106	0.834623	0.000205488	-1	-2.42934e-07	-0.00130813	-2.58713e-08	-0.999999	0.999999	0.000205489	-0.00130813	
0.319204	-0.297605	0.834635	0.000202894	-1	-2.09182e-07	-0.0013317	-6.10128e-08	-0.999999	0.999999	0.000202894	-0.0013317	
0.319215	-0.301103	0.834647	0.000200187	-1	-1.75509e-07	-0.00135528	-9.58015e-08	-0.999999	0.999999	0.000200187	-0.00135528	
0.319226	-0.304602	0.834659	0.000197366	-1	-1.41937e-07	-0.00137887	-1.30206e-07	-0.999999	0.999999	0.000197366	-0.00137887	
0.319237	-0.3081	0.834671	0.000194433	-1	-1.0849e-07	-0.00140247	-1.64195e-07	-0.999999	0.999999	0.000194433	-0.00140247	
0.319248	-0.311599	0.834682	0.000191385	-1	-7.5189e-08	-0.00142608	-1.97741e-07	-0.999999	0.999999	0.000191385	-0.00142608	
0.319258	-0.315097	0.834694	0.000188225	-1	-4.20529e-08	-0.0014497	-2.30816e-07	-0.999999	0.999999	0.000188224	-0.0014497	
0.319269	-0.318595	0.834706	0.00018495	-1	-9.10127e-09	-0.00147334	-2.63392e-07	-0.999999	0.999999	0.000184949	-0.00147334	
0.31928	-0.322094	0.834718	0.000181561	-1	2.36481e-08	-0.00149699	-2.95443e-07	-0.999999	0.999999	0.000181561	-0.00149699	
0.31929	-0.325592	0.83473	0.000178058	-1	5.61782e-08	-0.00152067	-3.26945e-07	-0.999999	0.999999	0.000178058	-0.00152067	
0.319301	-0.32909	0.834742	0.000174441	-1	8.84733e-08	-0.00154437	-3.57875e-07	-0.999999	0.999999	0.000174441	-0.00154437	
0.319311	-0.332588	0.834754	0.00017071	-1	1.20518e-07	-0.00156809	-3.88208e-07	-0.999999	0.999999	0.00017071	-0.00156809	
0.319321	-0.336086	0.834766	0.000166866	-1	1.52299e-07	-0.00159184	-4.17923e-07	-0.999999	0.999999	0.000166865	-0.00159184	
0.319332	-0.339584	0.834777	0.000162907	-1	1.83803e-07	-0.00161562	-4.46999e-07	-0.999999	0.999999	0.000162906	-0.00161562	
0.319342	-0.343082	0.834789	0.000158834	-1	2.15017e-07	-0.00163944	-4.75416e-07	-0.999999	0.999999	0.000158833	-0.00163944	
0.319352	-0.34658	0.834801	0.000154647	-1	2.4593e-07	-0.00166329	-5.03153e-07	-0.999999	0.999999	0.000154647	-0.00166329	
0.319362	-0.350078	0.834813	0.000150347	-1	2.76531e-07	-0.00168718	-5.30193e-07	-0.999999	0.999999	0.000150346	-0.00168718	
0.319338	-0.350074	0.834844	0.000161813	-0.99995	0.00999954	-0.00168558	-0.0099998	-0.999949	0.999999	0.000144949	-0.00168712	
0.319313	-0.350071	0.834844	0.000173344	-0.9998	0.0199985	-0.0016838	-0.0199987	-0.999799	0.999999	0.000139636	-0.00168693	
0.319288	-0.350069	0.834844	0.0001848	-0.99955	0.0299953	-0.00168188	-0.0299955	-0.999549	0.999999	0.000134268	-0.00168667	
0.319264	-0.350066	0.834844	0.00019618	-0.9992	0.0399891	-0.00167983	-0.0399894	-0.999199	0.999999	0.000128848	-0.00168633	
0.319239	-0.350063	0.834844	0.000207484	-0.99875	0.0499789	-0.00167764	-0.0499792	-0.998749	0.999999	0.000123377	-0.00168591	
0.319215	-0.35006	0.834844	0.000218712	-0.998201	0.0599637	-0.00167532	-0.059964	-0.998199	0.999999	0.00011786	-0.00168542	
0.31919	-0.350058	0.834843	0.000229865	-0.997551	0.0699426	-0.00167287	-0.0699428	-0.99755	0.999999	0.000112297	-0.00168485	
0.319165	-0.350055	0.834843	0.000240942	-0.996802	0.0799144	-0.00167029	-0.0799147	-0.9968	0.999999	0.00010669	-0.00168421	
0.319141	-0.350052	0.834843	0.000251943	-0.995953	0.0898782	-0.00166758	-0.0898785	-0.995951	0.999999	0.000101043	-0.00168348	
0.319116	-0.350049	0.834842	0.000262868	-0.995004	0.0998331	-0.00166474	-0.0998334	-0.995003	0.999999	9.53578e-05	-0.00168267	
0.319091	-0.350046	0.834842	0.000273717	-0.993956	0.109778	-0.00166178	-0.109778	-0.993955	0.999999	8.9636e-05	-0.00168178	
0.319067	-0.350043	0.834842	0.000284491	-0.992809	0.119712	-0.00165869	-0.119712	-0.992807	0.999999	8.38802e-05	-0.00168082	
0.319042	-0.350041	0.834841	0.000295188	-0.991562	0.129634	-0.00165547	-0.129634	-0.991561	0.999999	7.80926e-05	-0.00167977	
0.319017	-0.350038	0.834841	0.00030581	-0.990216	0.139543	-0.00165213	-0.139543	-0.990215	0.999999	7.22756e-05	-0.00167864	
0.318993	-0.350035	0.83484	0.000316356	-0.988771	0.149438	-0.00164866	-0.149438	-0.98877	0.999999	6.64314e-05	-0.00167742	
0.318968	-0.350032	0.834839	0.000326827	-0.987227	0.159318	-0.00164507	-0.159318	-0.987226	0.999999	6.05623e-05	-0.00167613	
0.318943	-0.350029	0.834839	0.000337221	-0.985585	0.169182	-0.00164137	-0.169182	-0.985583	0.999999	5.46705e-05	-0.00167476	
0.318918	-0.350026	0.834838	0.00034754	-0.983844	0.179029	-0.00163754	-0.179029	-0.983842	0.999999	4.87584e-05	-0.0016733	
0.318894	-0.350023	0.834837	0.000357784	-0.982004	0.188858	-0.00163359	-0.188859	-0.982003	0.999999	4.2828e-05	-0.00167176	
0.318869	-0.35002	0.834837	0.000367952	-0.980067	0.198669	-0.00162952	-0.198669	-0.980065	0.999999	3.68817e-05	-0.00167014	
0.318844	-0.350017	0.834836	0.000378045	-0.978031	0.208459	-0.00162534	-0.20846	-0.97803	0.999999	3.09217e-05	-0.00166844	
0.31882	-0.350014	0.834835	0.000388062	-0.975897	0.218229	-0.00162104	-0.218229	-0.975896	0.999999	2.49501e-05	-0.00166666	
0.318795	-0.350011	0.834834	0.000398005	-0.973666	0.227977	-0.00161663	-0.227977	-0.973665	0.999999	1.89692e-05	-0.00166479	
0.31877	-0.350008	0.834833	0.000407872	-0.971338	0.237702	-0.0016121	-0.237702	-0.971337	0.999999	1.29812e-05	-0.00166285	
0.318745	-0.350005	0.834832	0.000417665	-0.968912	0.247403	-0.00160746	-0.247404	-0.968911	0.999999	6.98805e-06	-0.00166082	
0.318721	-0.350002	0.834831	0.000427383	-0.96639	0.25708	-0.00160271	-0.25708	-0.966389	0.999999	9.92059e-07	-0.00165872	
0.318696	-0.349999	0.83483	0.000437026	-0.963771	0.266731	-0.00159785	-0.266731	-0.96377	0.999999	-5.00471e-06	-0.00165653	
0.318671	-0.349996	0.834829	0.000446595	-0.961056	0.276355	-0.00159289	-0.276355	-0.961054	0.999999	-1.10002e-05	-0.00165427	
0.318646	-0.349993	0.834828	0.000456089	-0.958244	0.285952	-0.00158781	-0.285952	-0.958243	0.999999	-1.69923e-05	-0.00165193	
0.318621	-0.34999	0.834827	0.00046551	-0.955337	0.295519	-0.00158263	-0.29552	-0.955335	0.999999	-2.29789e-05	-0.00164951	
0.318597	-0.349987	0.834825	0.000474857	-0.952334	0.305058	-0.00157734	-0.305058	-0.952332	0.999999	-2.89581e-05	-0.00164701	
0.318572	-0.349984	0.834824	0.00048413	-0.949236	0.314566	-0.00157195	-0.314566	-0.949234	0.999999	-3.49279e-05	-0.00164444	
0.318547	-0.349981	0.834823	0.000493329	-0.946042	0.324042	-0.00156645	-0.324043	-0.946041	0.999999	-4.08863e-05	-0.00164179	
0.318522	-0.349978	0.834821	0.000502456	-0.942755	0.333486	-0.00156085	-0.333487	-0.942754	0.999999	-4.68313e-05	-0.00163906	
0.318497	-0.349975	0.83482	0.000511509	-0.939373	0.342897	-0.00155515	-0.342897	-0.939372	0.999999	-5.27611e-05	-0.00163626	
0.318473	-0.349972	0.834819	0.000520489	-0.935897	0.352273	-0.00154936	-0.352274	-0.935896	0.999999	-5.86738e-05	-0.00163339	
0.318448	-0.349969	0.834817	0.000529397	-0.932328	0.361615	-0.00154346	-0.361615	-0.932326	0.999999	-6.45675e-05	-0.00163045	
0.318423	-0.349966	0.834816	0.000538232	-0.928665	0.37092	-0.00153747	-0.37092	-0.928664	0.999999	-7.04404e-05	-0.00162743	
0.318398	-0.349964	0.834814	0.000546995	-0.924909	0.380188	-0.00153138	-0.380188	-0.924908	0.999999	-7.62907e-05	-0.00162435	
0.318373	-0.349961	0.834813	0.000555686	-0.921061	0.389417	-0.00152519	-0.389418	-0.92106	0.999999	-8.21167e-05	-0.00162119	
0.318348	-0.349958	0.834811	0.000564306	-0.917121	0.398608	-0.00151892	-0.398609	-0.91712	0.999999	-8.79167e-05	-0.00161797	
0.318324	-0.349955	0.83481	0.000572854	-0.913089	0.40776	-0.00151255	-0.40776	-0.913088	0.999999	-9.36889e-05	-0.00161468	
0.318299	-0.349952	0.834808	0.000581331	-0.908966	0.41687	-0.00150608	-0.41687	-0.908965	0.999999	-9.94318e-05	-0.00161132	
0.318274	-0.349949	0.834806	0.000589737	-0.904752	0.425939	-0.00149953	-0.425939	-0.904751	0.999999	-0.000105144	-0.0016079	
0.318249	-0.349946	0.834804	0.000598073	-0.900447	0.434965	-0.00149289	-0.434965	-0.900446	0.999999	-0.000110823	-0.00160441	
0.318224	-0.349943	0.834803	0.000606338	-0.896053	0.443947	-0.00148616	-0.443948	-0.896052	0.999999	-0.000116468	-0.00160086	
0.318199	-0.349941	0.834801	0.000614534	-0.891569	0.452885	-0.00147935	-0.452886	-0.891567	0.999999	-0.000122078	-0.00159726	
0.318174	-0.349938	0.834799	0.000622659	-0.886995	0.461778	-0.00147245	-0.461779	-0.886994	0.999999	-0.00012765	-0.00159359	
0.31815	-0.349935	0.834797	0.000630716	-0.882333	0.470625	-0.00146547	-0.470625	-0.882332	0.999999	-0.000133184	-0.00158986	
0.318125	-0.349932	0.834795	0.000638703	-0.877583	0.479424	-0.0014584	-0.479425	-0.877582	0.999999	-0.000138679	-0.00158608	
0.3181	-0.34993	0.834794	0.000646621	-0.872745	0.488176	-0.00145125	-0.488177	-0.872744	0.999999	-0.000144132	-0.00158224	
0.318075	-0.349927	0.834792	0.000654471	-0.86782	0.496879	-0.00144402	-0.496879	-0.867818	0.999999	-0.000149542	-0.00157834	
0.31805	-0.349924	0.83479	0.000662253	-0.862807	0.505532	-0.00143671	-0.505533	-0.862806	0.999999	-0.000154909	-0.0015744	
0.318025	-0.349922	0.834788	0.000669967	-0.857709	0.514135	-0.00142933	-0.514135	-0.857708	0.999999	-0.000160231	-0.0015704	
0.318	-0.349919	0.834786	0.000677613	-0.852525	0.522686	-0.00142186	-0.522687	-0.852524	0.999999	-0.000165506	-0.00156635	
0.317975	-0.349916	0.834784	0.000685192	-0.847256	0.531185	-0.00141432	-0.531185	-0.847254	0.999999	-0.000170735	-0.00156226	
0.31795	-0.349914	0.834782	0.000692705	-0.841901	0.539631	-0.00140671	-0.539631	-0.8419	0.999999	-0.000175915	-0.00155811	
0.317925	-0.349911	0.83478	0.000700151	-0.836463	0.548023	-0.00139902	-0.548023	-0.836462	0.999999	-0.000181045	-0.00155393	
0.317901	-0.349909	0.834778	0.00070753	-0.830941	0.55636	-0.00139126	-0.55636	-0.83094	0.999999	-0.000186125	-0.0015497	
0.317876	-0.349906	0.834775	0.000714844	-0.825336	0.564641	-0.00138343	-0.564642	-0.825335	0.999999	-0.000191154	-0.00154542	
0.317851	-0.349904	0.834773	0.000722093	-0.819649	0.572866	-0.00137552	-0.572867	-0.819647	0.999999	-0.00019613	-0.00154111	
0.317826	-0.349901	0.834771	0.000729276	-0.813879	0.581034	-0.00136755	-0.581034	-0.813878	0.999999	-0.000201053	-0.00153676	
0.317801	-0.349899	0.834769	0.000736395	-0.808028	0.589144	-0.00135951	-0.589144	-0.808027	0.999999	-0.000205921	-0.00153237	
0.317776	-0.349896	0.834767	0.00074345	-0.802096	0.597194	-0.00135141	-0.597195	-0.802095	0.999999	-0.000210735	-0.00152794	
0.317751	-0.349894	0.834765	0.00075044	-0.796084	0.605185	-0.00134324	-0.605186	-0.796083	0.999999	-0.000215493	-0.00152348	
0.317726	-0.349892	0.834762	0.000757367	-0.789993	0.613116	-0.001335	-0.613116	-0.789992	0.999999	-0.000220195	-0.00151899	
0.317701	-0.349889	0.83476	0.00076423	-0.783822	0.620985	-0.0013267	-0.620985	-0.783821	0.999999	-0.00022484	-0.00151447	
0.317676	-0.349887	0.834758	0.000771031	-0.777573	0.628792	-0.00131834	-0.628792	-0.777572	0.999999	-0.000229427	-0.00150992	
0.317651	-0.349885	0.834756	0.000777769	-0.771247	0.636536	-0.00130991	-0.636536	-0.771246	0.999999	-0.000233955	-0.00150534	
0.317626	-0.349882	0.834753	0.000784445	-0.764843	0.644216	-0.00130143	-0.644217	-0.764842	0.999999	-0.000238425	-0.00150074	
0.317601	-0.34988	0.834751	0.00079106	-0.758363	0.651832	-0.00129289	-0.651833	-0.758362	0.999999	-0.000242835	-0.00149611	
0.317576	-0.349878	0.834749	0.000797613	-0.751806	0.659383	-0.00128428	-0.659384	-0.751805	0.999999	-0.000247186	-0.00149147	
0.317551	-0.349876	0.834747	0.000804105	-0.745175	0.666868	-0.00127563	-0.666869	-0.745174	0.999999	-0.000251476	-0.0014868	
0.317526	-0.349874	0.834744	0.000810537	-0.738469	0.674287	-0.00126691	-0.674287	-0.738468	0.999999	-0.000255706	-0.00148211	
0.317501	-0.349872	0.834742	0.000816908	-0.73169	0.681637	-0.00125814	-0.681638	-0.731689	0.999999	-0.000259874	-0.0014774	
0.317476	-0.34987	0.83474	0.00082322	-0.724837	0.68892	-0.00124932	-0.688921	-0.724836	0.999999	-0.000263981	-0.00147269	
0.317451	-0.349868	0.834737	0.000829472	-0.717911	0.696134	-0.00124044	-0.696134	-0.71791	0.999999	-0.000268027	-0.00146795	
0.317426	-0.349866	0.834735	0.000835665	-0.710914	0.703278	-0.00123151	-0.703279	-0.710913	0.999999	-0.000272011	-0.00146321	
0.317401	-0.349864	0.834732	0.0008418	-0.703846	0.710352	-0.00122253	-0.710352	-0.703845	0.999999	-0.000275933	-0.00145845	
0.317376	-0.349862	0.83473	0.000847877	-0.696708	0.717355	-0.00121351	-0.717355	-0.696707	0.999999	-0.000279792	-0.00145369	
0.317351	-0.34986	0.834728	0.000853896	-0.689499	0.724286	-0.00120443	-0.724286	-0.689498	0.999999	-0.00028359	-0.00144892	
0.317326	-0.349858	0.834725	0.000859857	-0.682222	0.731144	-0.0011953	-0.731145	-0.682221	0.999999	-0.000287325	-0.00144414	
0.317301	-0.349856	0.834723	0.000865762	-0.674877	0.73793	-0.00118613	-0.73793	-0.674876	0.999999	-0.000290998	-0.00143936	
0.317276	-0.349854	0.834721	0.00087161	-0.667464	0.744642	-0.00117691	-0.744642	-0.667463	0.999999	-0.000294608	-0.00143458	
0.317251	-0.349853	0.834718	0.000877401	-0.659984	0.751279	-0.00116764	-0.751279	-0.659983	0.999999	-0.000298156	-0.0014298	
0.317226	-0.349851	0.834716	0.000883137	-0.652438	0.757841	-0.00115833	-0.757842	-0.652438	0.999999	-0.000301642	-0.00142502	
0.317201	-0.349849	0.834714	0.000888818	-0.644828	0.764328	-0.00114898	-0.764328	-0.644827	0.999999	-0.000305065	-0.00142024	
0.317176	-0.349847	0.834711	0.000894444	-0.637152	0.770737	-0.00113959	-0.770738	-0.637151	0.999999	-0.000308427	-0.00141547	
0.317151	-0.349846	0.834709	0.000900015	-0.629413	0.77707	-0.00113015	-0.777071	-0.629412	0.999999	-0.000311727	-0.00141071	
0.317126	-0.349844	0.834707	0.000905532	-0.621611	0.783326	-0.00112067	-0.783326	-0.62161	0.999999	-0.000314965	-0.00140595	
0.317101	-0.349843	0.834704	0.000910995	-0.613747	0.789502	-0.00111116	-0.789503	-0.613746	0.999999	-0.000318142	-0.0014012	
0.317076	-0.349841	0.834702	0.000916405	-0.605821	0.7956	-0.0011016	-0.795601	-0.60582	0.999999	-0.000321257	-0.00139647	
0.317051	-0.349839	0.834699	0.000921762	-0.597835	0.801619	-0.00109201	-0.801619	-0.597834	0.999999	-0.000324312	-0.00139174	
0.317026	-0.349838	0.834697	0.000927067	-0.589789	0.807557	-0.00108238	-0.807557	-0.589788	0.999999	-0.000327307	-0.00138703	
0.317001	-0.349836	0.834695	0.000932319	-0.581684	0.813414	-0.00107271	-0.813415	-0.581683	0.999999	-0.000330242	-0.00138234	
0.316976	-0.349835	0.834693	0.00093752	-0.573521	0.81919	-0.00106301	-0.819191	-0.57352	0.999999	-0.000333117	-0.00137766	
0.316951	-0.349834	0.83469	0.000942669	-0.565301	0.824884	-0.00105327	-0.824885	-0.5653	0.999999	-0.000335932	-0.00137301	
0.316926	-0.349832	0.834688	0.000947768	-0.557024	0.830496	-0.00104349	-0.830496	-0.557023	0.999999	-0.000338689	-0.00136837	
0.316901	-0.349831	0.834686	0.000952816	-0.548691	0.836025	-0.00103369	-0.836025	-0.54869	0.999999	-0.000341388	-0.00136375	
0.316876	-0.34983	0.834683	0.000957813	-0.540304	0.84147	-0.00102385	-0.84147	-0.540303	0.999999	-0.000344029	-0.00135916	
0.316894	-0.346325	0.83616	0.000978851	-0.540307	0.841467	-0.00102761	-0.841468	-0.540306	0.999999	-0.000335823	-0.0013789	
0.316912	-0.342828	0.83767	0.000999907	-0.540307	0.841467	-0.00103104	-0.841468	-0.540306	0.999999	-0.000327333	-0.00139847	
0.316929	-0.339333	0.83918	0.00102101	-0.540307	0.841467	-0.00103434	-0.841468	-0.540306	0.999999	-0.000318703	-0.00141801	
0.316947	-0.335837	0.84069	0.00104216	-0.540307	0.841467	-0.0010375	-0.841468	-0.540307	0.999999	-0.000309932	-0.00143751	
0.316965	-0.332341	0.8422	0.00106336	-0.540307	0.841467	-0.00104052	-0.841468	-0.540307	0.999999	-0.000301019	-0.00145699	
0.316983	-0.328846	0.843709	0.00108461	-0.540307	0.841467	-0.0010434	-0.841468	-0.540307	0.999999	-0.00029196	-0.00147642	
0.317001	-0.325351	0.845219	0.00110591	-0.540308	0.841467	-0.00104613	-0.841468	-0.540307	0.999999	-0.000282757	-0.00149582	
0.317019	-0.321855	0.846729	0.00112725	-0.540308	0.841467	-0.00104873	-0.841468	-0.540307	0.999999	-0.000273407	-0.00151518	
0.317037	-0.31836	0.848238	0.00114864	-0.540308	0.841467	-0.00105117	-0.841468	-0.540307	0.999999	-0.000263909	-0.0015345	
0.317056	-0.314865	0.849748	0.00117007	-0.540308	0.841467	-0.00105347	-0.841468	-0.540307	0.999999	-0.000254263	-0.00155377	
0.317074	-0.311369	0.851258	0.00119154	-0.540308	0.841467	-0.00105561	-0.841468	-0.540307	0.999999	-0.000244469	-0.001573	
0.317092	-0.307874	0.852767	0.00121305	-0.540308	0.841467	-0.00105761	-0.841467	-0.540307	0.999999	-0.000234524	-0.00159218	
0.31711	-0.304379	0.854277	0.0012346	-0.540308	0.841467	-0.00105945	-0.841467	-0.540307	0.999999	-0.000224429	-0.0016113	
0.317129	-0.300885	0.855787	0.00125619	-0.540308	0.841467	-0.00106113	-0.841467	-0.540307	0.999999	-0.000214183	-0.00163038	
0.317147	-0.29739	0.857296	0.00127781	-0.540308	0.841466	-0.00106266	-0.841467	-0.540307	0.999999	-0.000203786	-0.0016494	
0.317165	-0.293895	0.858806	0.00129946	-0.540308	0.841466	-0.00106403	-0.841467	-0.540307	0.999999	-0.000193237	-0.00166836	
0.317184	-0.2904	0.860315	0.00132115	-0.540308	0.841466	-0.00106524	-0.841467	-0.540307	0.999999	-0.000182536	-0.00168726	
0.317202	-0.286906	0.861825	0.00134287	-0.540308	0.841466	-0.00106629	-0.841467	-0.540307	0.999999	-0.000171683	-0.0017061	
0.31722	-0.283411	0.863334	0.00136461	-0.540308	0.841466	-0.00106717	-0.841467	-0.540307	0.999998	-0.000160679	-0.00172488	
0.317239	-0.279917	0.864843	0.00138638	-0.540308	0.841466	-0.00106789	-0.841467	-0.540307	0.999998	-0.000149522	-0.00174358	
0.317257	-0.276422	0.866353	0.00140817	-0.540308	0.841466	-0.00106844	-0.841467	-0.540307	0.999998	-0.000138214	-0.00176222	
0.317275	-0.272928	0.867862	0.00142999	-0.540308	0.841466	-0.00106883	-0.841467	-0.540307	0.999998	-0.000126754	-0.00178078	
0.317294	-0.269434	0.869371	0.00145182	-0.540308	0.841466	-0.00106905	-0.841467	-0.540307	0.999998	-0.000115143	-0.00179927	
0.317312	-0.26594	0.870881	0.00147367	-0.540308	0.841466	-0.0010691	-0.841467	-0.540307	0.999998	-0.000103381	-0.00181769	
0.31733	-0.262446	0.87239	0.00149553	-0.540308	0.841466	-0.00106898	-0.841467	-0.540307	0.999998	-9.14697e-05	-0.00183602	
0.317349	-0.258952	0.873899	0.0015174	-0.540308	0.841466	-0.0010687	-0.841467	-0.540307	0.999998	-7.94085e-05	-0.00185427	
0.317367	-0.255458	0.875408	0.00153928	-0.540309	0.841466	-0.00106823	-0.841467	-0.540307	0.999998	-6.71987e-05	-0.00187243	
0.317385	-0.251964	0.876917	0.00156116	-0.540309	0.841465	-0.0010676	-0.841467	-0.540308	0.999998	-5.48409e-05	-0.0018905	
0.317403	-0.24847	0.878426	0.00158305	-0.540309	0.841465	-0.0010668	-0.841467	-0.540308	0.999998	-4.23361e-05	-0.00190849	
0.317421	-0.244976	0.879935	0.00160494	-0.540309	0.841465	-0.00106582	-0.841467	-0.540308	0.999998	-2.96853e-05	-0.00192637	
0.31744	-0.241483	0.881444	0.00162682	-0.540309	0.841465	-0.00106466	-0.841467	-0.540308	0.999998	-1.68896e-05	-0.00194416	
0.317458	-0.237989	0.882953	0.0016487	-0.540309	0.841465	-0.00106333	-0.841467	-0.540308	0.999998	-3.95014e-06	-0.00196186	
0.317476	-0.234496	0.884462	0.00167057	-0.540309	0.841465	-0.00106183	-0.841467	-0.540308	0.999998	9.13183e-06	-0.00197944	
0.317494	-0.231002	0.885971	0.00169243	-0.540309	0.841465	-0.00106015	-0.841467	-0.540308	0.999998	2.2355e-05	-0.00199693	
0.317511	-0.227509	0.88748	0.00171427	-0.540309	0.841465	-0.00105829	-0.841467	-0.540308	0.999998	3.57179e-05	-0.0020143	
0.317529	-0.224016	0.888988	0.00173609	-0.540309	0.841465	-0.00105626	-0.841467	-0.540308	0.999998	4.92192e-05	-0.00203156	
0.317547	-0.220523	0.890497	0.00175789	-0.540309	0.841465	-0.00105405	-0.841466	-0.540308	0.999998	6.28573e-05	-0.00204871	
0.317565	-0.21703	0.892006	0.00177966	-0.540309	0.841465	-0.00105166	-0.841466	-0.540308	0.999998	7.66305e-05	-0.00206574	
0.317582	-0.213536	0.893514	0.0018014	-0.540309	0.841464	-0.00104909	-0.841466	-0.540308	0.999998	9.05373e-05	-0.00208266	
0.3176	-0.210044	0.895023	0.00182311	-0.54031	0.841464	-0.00104635	-0.841466	-0.540309	0.999998	0.000104576	-0.00209944	
0.317617	-0.206551	0.896531	0.00184479	-0.54031	0.841464	-0.00104343	-0.841466	-0.540309	0.999998	0.000118744	-0.0021161	
0.317635	-0.203058	0.89804	0.00186642	-0.54031	0.841464	-0.00104033	-0.841466	-0.540309	0.999998	0.000133041	-0.00213264	
0.317652	-0.199565	0.899548	0.00188802	-0.54031	0.841464	-0.00103706	-0.841466	-0.540309	0.999998	0.000147464	-0.00214904	
0.317669	-0.196072	0.901056	0.00190956	-0.54031	0.841464	-0.00103361	-0.841466	-0.540309	0.999998	0.000162012	-0.0021653	
0.317686	-0.19258	0.902564	0.00193106	-0.54031	0.841464	-0.00102998	-0.841466	-0.540309	0.999998	0.000176682	-0.00218143	
0.317703	-0.189087	0.904072	0.00195251	-0.54031	0.841464	-0.00102617	-0.841466	-0.540309	0.999998	0.000191472	-0.00219742	
0.31772	-0.185595	0.90558	0.00197389	-0.54031	0.841464	-0.00102219	-0.841466	-0.540309	0.999998	0.00020638	-0.00221326	
0.317737	-0.182102	0.907088	0.00199522	-0.54031	0.841463	-0.00101802	-0.841466	-0.540309	0.999997	0.000221405	-0.00222896	
0.317753	-0.17861	0.908596	0.00201648	-0.54031	0.841463	-0.00101369	-0.841466	-0.54031	0.999997	0.000236544	-0.00224451	
0.31777	-0.175117	0.910104	0.00203768	-0.540311	0.841463	-0.00100917	-0.841466	-0.54031	0.999997	0.000251796	-0.0022599	
0.317786	-0.171625	0.911612	0.00205881	-0.540311	0.841463	-0.00100448	-0.841466	-0.54031	0.999997	0.000267157	-0.00227515	
0.317802	-0.168133	0.91312	0.00207986	-0.540311	0.841463	-0.000999619	-0.841465	-0.54031	0.999997	0.000282626	-0.00229023	
0.317818	-0.164641	0.914627	0.00210083	-0.540311	0.841463	-0.000994578	-0.841465	-0.54031	0.999997	0.0002982	-0.00230516	
0.317834	-0.161149	0.916135	0.00212173	-0.540311	0.841463	-0.000989364	-0.841465	-0.54031	0.999997	0.000313878	-0.00231992	
0.31785	-0.157657	0.917642	0.00214254	-0.540311	0.841463	-0.000983975	-0.841465	-0.54031	0.999997	0.000329658	-0.00233452	
0.317866	-0.154165	0.919149	0.00216326	-0.540311	0.841462	-0.000978413	-0.841465	-0.540311	0.999997	0.000345536	-0.00234896	
0.317881	-0.150673	0.920657	0.0021839	-0.540311	0.841462	-0.000972678	-0.841465	-0.540311	0.999997	0.000361512	-0.00236322	
0.317897	-0.147181	0.922164	0.00220444	-0.540312	0.841462	-0.000966771	-0.841465	-0.540311	0.999997	0.000377582	-0.00237732	
0.317912	-0.143689	0.923671	0.00222489	-0.540312	0.841462	-0.000960692	-0.841465	-0.540311	0.999997	0.000393745	-0.00239124	
0.317927	-0.140197	0.925178	0.00224523	-0.540312	0.841462	-0.000954442	-0.841465	-0.540311	0.999997	0.000409998	-0.00240498	
0.317942	-0.136706	0.926685	0.00226548	-0.540312	0.841462	-0.000948022	-0.841465	-0.540311	0.999997	0.00042634	-0.00241855	
0.317957	-0.133214	0.928192	0.00228562	-0.540312	0.841462	-0.000941432	-0.841465	-0.540311	0.999997	0.000442769	-0.00243194	
0.317971	-0.129722	0.929699	0.00230566	-0.540312	0.841461	-0.000934674	-0.841464	-0.540312	0.999997	0.000459281	-0.00244514	
0.317985	-0.126231	0.931205	0.00232558	-0.540312	0.841461	-0.000927748	-0.841464	-0.540312	0.999997	0.000475876	-0.00245817	
0.318	-0.122739	0.932712	0.0023454	-0.540313	0.841461	-0.000920655	-0.841464	-0.540312	0.999997	0.000492551	-0.00247101	
0.318014	-0.119247	0.934218	0.0023651	-0.540313	0.841461	-0.000913395	-0.841464	-0.540312	0.999997	0.000509304	-0.00248366	
0.318027	-0.115756	0.935725	0.00238468	-0.540313	0.841461	-0.000905971	-0.841464	-0.540312	0.999997	0.000526133	-0.00249613	
0.318041	-0.112265	0.937231	0.00240415	-0.540313	0.841461	-0.000898382	-0.841464	-0.540313	0.999997	0.000543037	-0.00250841	
0.318055	-0.108773	0.938737	0.00242349	-0.540313	0.84146	-0.00089063	-0.841464	-0.540313	0.999997	0.000560013	-0.0025205	
0.318068	-0.105282	0.940244	0.00244271	-0.540313	0.84146	-0.000882716	-0.841464	-0.540313	0.999997	0.00057706	-0.0025324	
0.318081	-0.101791	0.94175	0.00246181	-0.540314	0.84146	-0.00087464	-0.841464	-0.540313	0.999997	0.000594175	-0.00254411	
0.318094	-0.0982992	0.943255	0.00248079	-0.540314	0.84146	-0.000866404	-0.841463	-0.540313	0.999997	0.000611358	-0.00255562	
0.318106	-0.094808	0.944761	0.00249963	-0.540314	0.84146	-0.000858009	-0.841463	-0.540314	0.999997	0.000628605	-0.00256694	
0.318119	-0.0913168	0.946267	0.00251835	-0.540314	0.84146	-0.000849456	-0.841463	-0.540314	0.999996	0.000645917	-0.00257807	
0.318131	-0.0878256	0.947773	0.00253694	-0.540314	0.841459	-0.000840747	-0.841463	-0.540314	0.999996	0.00066329	-0.00258901	
0.318143	-0.0843345	0.949278	0.0025554	-0.540315	0.841459	-0.000831882	-0.841463	-0.540314	0.999996	0.000680723	-0.00259975	
0.318155	-0.0808434	0.950784	0.00257372	-0.540315	0.841459	-0.000822862	-0.841463	-0.540315	0.999996	0.000698215	-0.0026103	
0.318167	-0.0773523	0.952289	0.00259192	-0.540315	0.841459	-0.00081369	-0.841463	-0.540315	0.999996	0.000715764	-0.00262065	
0.318178	-0.0738613	0.953794	0.00260998	-0.540315	0.841459	-0.000804366	-0.841462	-0.540315	0.999996	0.000733369	-0.00263081	
0.31819	-0.0703703	0.9553	0.0026279	-0.540315	0.841459	-0.000794891	-0.841462	-0.540315	0.999996	0.000751028	-0.00264077	
0.318201	-0.0668793	0.956805	0.0026457	-0.540316	0.841458	-0.000785268	-0.841462	-0.540316	0.999996	0.00076874	-0.00265054	
0.318212	-0.0633884	0.95831	0.00266335	-0.540316	0.841458	-0.000775497	-0.841462	-0.540316	0.999996	0.000786503	-0.00266012	
0.318222	-0.0598974	0.959815	0.00268087	-0.540316	0.841458	-0.00076558	-0.841462	-0.540316	0.999996	0.000804316	-0.00266951	
0.318233	-0.0564066	0.961319	0.00269826	-0.540316	0.841458	-0.000755519	-0.841462	-0.540316	0.999996	0.000822178	-0.0026787	
0.318243	-0.0529157	0.962824	0.00271552	-0.540316	0.841457	-0.000745314	-0.841461	-0.540317	0.999996	0.000840088	-0.00268771	
0.318253	-0.0494249	0.964329	0.00273263	-0.540317	0.841457	-0.000734969	-0.841461	-0.540317	0.999996	0.000858043	-0.00269652	
0.318263	-0.0459341	0.965833	0.00274962	-0.540317	0.841457	-0.000724484	-0.841461	-0.540317	0.999996	0.000876043	-0.00270515	
0.318272	-0.0424433	0.967338	0.00276647	-0.540317	0.841457	-0.000713861	-0.841461	-0.540318	0.999996	0.000894087	-0.00271358	
0.318282	-0.0389525	0.968842	0.00278318	-0.540318	0.841457	-0.000703102	-0.841461	-0.540318	0.999996	0.000912173	-0.00272184	
0.318291	-0.0354618	0.970346	0.00279976	-0.540318	0.841456	-0.000692208	-0.841461	-0.540318	0.999996	0.000930301	-0.0027299	
0.3183	-0.0319711	0.97185	0.00281622	-0.540318	0.841456	-0.000681182	-0.84146	-0.540318	0.999996	0.000948469	-0.00273779	
0.318308	-0.0284804	0.973354	0.00283254	-0.540318	0.841456	-0.000670026	-0.84146	-0.540319	0.999996	0.000966675	-0.00274549	
0.318317	-0.0249898	0.974858	0.00284873	-0.540319	0.841456	-0.000658741	-0.84146	-0.540319	0.999996	0.000984919	-0.00275302	
0.318325	-0.0214992	0.976362	0.00286479	-0.540319	0.841455	-0.000647329	-0.84146	-0.540319	0.999996	0.0010032	-0.00276037	
0.318333	-0.0180085	0.977866	0.00288072	-0.540319	0.841455	-0.000635794	-0.84146	-0.54032	0.999996	0.00102152	-0.00276754	
0.318341	-0.014518	0.97937	0.00289652	-0.54032	0.841455	-0.000624136	-0.841459	-0.54032	0.999996	0.00103987	-0.00277454	
0.318349	-0.0110274	0.980873	0.0029122	-0.54032	0.841455	-0.000612358	-0.841459	-0.540321	0.999996	0.00105825	-0.00278137	
0.318356	-0.00753687	0.982377	0.00292776	-0.54032	0.841454	-0.000600462	-0.841459	-0.540321	0.999996	0.00107667	-0.00278803	
0.318363	-0.00404635	0.98388	0.00294319	-0.54032	0.841454	-0.000588451	-0.841459	-0.540321	0.999995	0.00109511	-0.00279453	
0.31837	-0.000555854	0.985384	0.0029585	-0.540321	0.841454	-0.000576327	-0.841458	-0.540322	0.999995	0.00111359	-0.00280086	
0.318371	-0.000563849	0.985401	0.00296175	-0.540302	0.841466	-0.000565336	-0.84147	-0.540303	0.999995	0.00112453	-0.00279768	
0.318371	-0.000569343	0.985399	0.00296506	-0.540302	0.841466	-0.000554431	-0.84147	-0.540303	0.999995	0.0011355	-0.00279457	
0.318372	-0.00057485	0.985398	0.00296846	-0.540302	0.841466	-0.000543544	-0.84147	-0.540303	0.999995	0.00114649	-0.00279155	
0.318373	-0.00058037	0.985396	0.00297193	-0.540302	0.841466	-0.000532677	-0.84147	-0.540303	0.999995	0.00115751	-0.0027886	
0.318373	-0.000585905	0.985395	0.00297548	-0.540302	0.841466	-0.000521829	-0.84147	-0.540303	0.999995	0.00116856	-0.00278573	
0.318374	-0.000591453	0.985393	0.00297912	-0.540302	0.841466	-0.000510999	-0.84147	-0.540303	0.999995	0.00117964	-0.00278293	
0.318374	-0.000597016	0.985392	0.00298283	-0.540302	0.841466	-0.000500187	-0.84147	-0.540303	0.999995	0.00119074	-0.00278022	
0.318375	-0.000602592	0.985391	0.00298663	-0.540302	0.841466	-0.000489394	-0.84147	-0.540303	0.999995	0.00120188	-0.00277758	
0.318376	-0.000608183	0.985389	0.0029905	-0.540302	0.841466	-0.000478618	-0.84147	-0.540303	0.999995	0.00121304	-0.00277502	
0.318376	-0.000613789	0.985388	0.00299446	-0.540302	0.841466	-0.00046786	-0.84147	-0.540303	0.999995	0.00122423	-0.00277254	
0.318377	-0.000619409	0.985387	0.0029985	-0.540302	0.841466	-0.00045712	-0.84147	-0.540303	0.999995	0.00123545	-0.00277013	
0.318377	-0.000625043	0.985386	0.00300262	-0.540302	0.841466	-0.000446396	-0.84147	-0.540303	0.999995	0.0012467	-0.0027678	
0.318378	-0.000630693	0.985385	0.00300682	-0.540302	0.841466	-0.000435689	-0.84147	-0.540303	0.999995	0.00125798	-0.00276555	
0.318379	-0.000636358	0.985384	0.0030111	-0.540302	0.841466	-0.000424999	-0.84147	-0.540303	0.999995	0.00126928	-0.00276338	
0.318379	-0.000642038	0.985383	0.00301546	-0.540302	0.841466	-0.000414325	-0.84147	-0.540303	0.999995	0.00128062	-0.00276128	
0.31838	-0.000647734	0.985382	0.00301991	-0.540302	0.841466	-0.000403668	-0.84147	-0.540303	0.999995	0.001292	-0.00275927	
0.318381	-0.000653445	0.985381	0.00302444	-0.540302	0.841466	-0.000393026	-0.84147	-0.540303	0.999995	0.0013034	-0.00275733	
0.318382	-0.000659172	0.98538	0.00302905	-0.540302	0.841466	-0.000382399	-0.84147	-0.540303	0.999995	0.00131483	-0.00275547	
0.318382	-0.000664914	0.985379	0.00303374	-0.540302	0.841466	-0.000371788	-0.84147	-0.540303	0.999995	0.00132629	-0.00275368	
0.318383	-0.000670673	0.985378	0.00303852	-0.540302	0.841466	-0.000361192	-0.84147	-0.540304	0.999995	0.00133779	-0.00275198	
0.318384	-0.000676449	0.985377	0.00304338	-0.540302	0.841466	-0.000350611	-0.84147	-0.540304	0.999995	0.00134932	-0.00275035	
0.318384	-0.00068224	0.985376	0.00304832	-0.540302	0.841466	-0.000340044	-0.84147	-0.540304	0.999995	0.00136088	-0.0027488	
0.318385	-0.000688049	0.985376	0.00305335	-0.540302	0.841466	-0.000329492	-0.84147	-0.540304	0.999995	0.00137248	-0.00274733	
0.318386	-0.000693874	0.985375	0.00305846	-0.540302	0.841466	-0.000318954	-0.84147	-0.540304	0.999995	0.00138411	-0.00274594	
0.318387	-0.000699716	0.985374	0.00306366	-0.540302	0.841466	-0.00030843	-0.84147	-0.540304	0.999995	0.00139577	-0.00274462	
0.318387	-0.000705576	0.985374	0.00306894	-0.540302	0.841466	-0.000297919	-0.84147	-0.540304	0.999995	0.00140747	-0.00274339	
0.318388	-0.000711452	0.985373	0.00307431	-0.540302	0.841466	-0.000287422	-0.84147	-0.540304	0.999995	0.0014192	-0.00274223	
0.318389	-0.000717347	0.985372	0.00307976	-0.540302	0.841466	-0.000276938	-0.84147	-0.540304	0.999995	0.00143097	-0.00274115	
0.31839	-0.000723259	0.985372	0.0030853	-0.540302	0.841466	-0.000266467	-0.84147	-0.540304	0.999995	0.00144277	-0.00274016	
