0.319745	-0.00128359	0.877474	-0.00292434	-0.999995	0.00128066	-0.00225025	-0.00127408	-0.999997	0.999993	-0.00292721	-0.00224652	
0.320435	-0.00256783	0.876357	-0.00584079	-0.99998	0.00260266	-0.00530535	-0.00257168	-0.999983	0.999969	-0.0058545	-0.00529022	
0.321119	-0.00385269	0.875238	-0.00874904	-0.999954	0.00395768	-0.00836911	-0.00388447	-0.999957	0.999927	-0.00878179	-0.00833474	
0.321797	-0.00513815	0.874117	-0.0116489	-0.999918	0.00533664	-0.0114416	-0.00520337	-0.999921	0.999867	-0.011709	-0.01138	
0.322469	-0.00642419	0.872994	-0.0145402	-0.999872	0.00672977	-0.0145227	-0.0065186	-0.999873	0.999789	-0.0146361	-0.014426	
0.323134	-0.00771079	0.87187	-0.0174231	-0.999815	0.00812668	-0.0176122	-0.00781976	-0.999814	0.999693	-0.017563	-0.0174727	
0.323793	-0.00899793	0.870743	-0.0202977	-0.999749	0.0095164	-0.0207098	-0.00909589	-0.999744	0.999579	-0.0204896	-0.0205199	
0.324446	-0.0102856	0.869615	-0.0231644	-0.999672	0.0108875	-0.023815	-0.0103356	-0.999663	0.999448	-0.0234158	-0.0235678	
0.325092	-0.0115737	0.868485	-0.0260236	-0.999587	0.0122281	-0.0269272	-0.0115269	-0.999571	0.999299	-0.0263417	-0.0266161	
0.325733	-0.0128623	0.867354	-0.028876	-0.999491	0.0135262	-0.0300457	-0.0126578	-0.999468	0.999131	-0.0292671	-0.0296649	
0.326367	-0.0141514	0.86622	-0.0317224	-0.999388	0.0147692	-0.0331695	-0.0137158	-0.999356	0.998946	-0.0321919	-0.0327141	
0.326746	-0.0154386	0.865233	-0.034571	-0.999275	0.0159331	-0.0358467	-0.0146926	-0.999249	0.998759	-0.0351162	-0.0353128	
0.32649	-0.0167196	0.86462	-0.037436	-0.999155	0.0169885	-0.0373775	-0.0155885	-0.99918	0.9986	-0.0380403	-0.0367623	
0.326229	-0.0179996	0.864007	-0.0403008	-0.999026	0.0179634	-0.0389113	-0.0163952	-0.999108	0.99843	-0.0409638	-0.0382126	
0.325966	-0.0192786	0.863392	-0.043166	-0.99889	0.0188469	-0.0404468	-0.0171018	-0.999035	0.998249	-0.0438867	-0.0396637	
0.325698	-0.0205567	0.862777	-0.0460326	-0.998747	0.019628	-0.0419827	-0.0176972	-0.998962	0.998057	-0.0468089	-0.0411155	
0.325428	-0.0218339	0.86216	-0.0489015	-0.998597	0.0202956	-0.0435176	-0.0181704	-0.998887	0.997855	-0.0497303	-0.042568	
0.325154	-0.02311	0.861542	-0.0517736	-0.998441	0.0208388	-0.0450498	-0.0185105	-0.998813	0.997642	-0.0526509	-0.0440213	
0.324876	-0.0243851	0.860923	-0.0546499	-0.99828	0.0212468	-0.0465777	-0.0187067	-0.998739	0.997419	-0.0555707	-0.0454752	
0.324454	-0.0256619	0.860755	-0.0575619	-0.99811	0.0214955	-0.0473436	-0.0187779	-0.998702	0.997219	-0.0585049	-0.0461732	
0.323943	-0.0269398	0.860861	-0.0605001	-0.997935	0.0215934	-0.047644	-0.0187213	-0.998689	0.99703	-0.0614496	-0.046413	
0.323385	-0.028218	0.861107	-0.0634567	-0.997752	0.0215437	-0.0476985	-0.0185304	-0.99869	0.996844	-0.0644012	-0.0464154	
0.322797	-0.0294963	0.86143	-0.0664281	-0.997563	0.0213442	-0.0476113	-0.0181981	-0.9987	0.996655	-0.067358	-0.0462864	
0.322191	-0.0307745	0.861801	-0.0694125	-0.997367	0.0209903	-0.0474319	-0.0177177	-0.998717	0.99646	-0.070319	-0.0460772	
0.321569	-0.0320525	0.862205	-0.0724091	-0.997165	0.020476	-0.0471826	-0.0170822	-0.99874	0.996258	-0.073284	-0.045812	
0.320936	-0.0333302	0.862634	-0.0754176	-0.996956	0.0197953	-0.0468733	-0.0162854	-0.998768	0.99605	-0.0762526	-0.0455024	
0.32029	-0.0346077	0.863086	-0.0784381	-0.996739	0.0189417	-0.0465072	-0.015321	-0.9988	0.995834	-0.0792249	-0.0451538	
0.319633	-0.0358849	0.863558	-0.0814703	-0.996515	0.0179092	-0.0460846	-0.0141833	-0.998837	0.99561	-0.0822009	-0.0447685	
0.318965	-0.0371619	0.864051	-0.0845143	-0.996282	0.016692	-0.0456045	-0.0128669	-0.998877	0.995378	-0.0851806	-0.0443475	
0.318286	-0.0384386	0.864564	-0.0875699	-0.996041	0.0152848	-0.0450649	-0.0113669	-0.998919	0.995139	-0.0881641	-0.0438911	
0.317596	-0.039715	0.865097	-0.090637	-0.99579	0.0136823	-0.0444636	-0.00967882	-0.998964	0.994891	-0.0911515	-0.0433992	
0.316894	-0.0409912	0.86565	-0.0937153	-0.995528	0.01188	-0.0437984	-0.00779857	-0.99901	0.994635	-0.0941428	-0.0428717	
0.3162	-0.0422666	0.866162	-0.096796	-0.995254	0.00997176	-0.0431801	-0.0058102	-0.99905	0.994367	-0.0971347	-0.0424127	
0.31555	-0.0435401	0.86653	-0.0998644	-0.994968	0.00814948	-0.0427973	-0.00388759	-0.999076	0.99408	-0.100121	-0.0421937	
0.314919	-0.0448123	0.866824	-0.102926	-0.994668	0.00640456	-0.0425345	-0.00203169	-0.999093	0.993779	-0.103105	-0.0420986	
0.314298	-0.0460835	0.867079	-0.105983	-0.994357	0.00473234	-0.042333	-0.000242889	-0.999104	0.993466	-0.106088	-0.0420683	
0.313679	-0.0473539	0.867312	-0.109037	-0.994033	0.00313019	-0.0421635	0.00147882	-0.99911	0.993143	-0.109072	-0.0420732	
0.313061	-0.0486235	0.867532	-0.112089	-0.993697	0.00159655	-0.0420117	0.00313367	-0.999112	0.99281	-0.112057	-0.0420981	
0.312441	-0.0498923	0.867745	-0.115139	-0.993349	0.000130361	-0.0418705	0.00472209	-0.999112	0.992467	-0.115042	-0.0421357	
0.311819	-0.0511603	0.867951	-0.118187	-0.992991	-0.00126919	-0.0417367	0.00624457	-0.999109	0.992114	-0.118029	-0.0421821	
0.311194	-0.0524277	0.868153	-0.121234	-0.992621	-0.00260279	-0.0416089	0.00770169	-0.999104	0.991752	-0.121017	-0.0422356	
0.310567	-0.0536942	0.86835	-0.124279	-0.99224	-0.00387108	-0.0414868	0.00909408	-0.999098	0.99138	-0.124006	-0.0422951	
0.309938	-0.05496	0.868543	-0.127322	-0.991849	-0.00507471	-0.0413705	0.0104224	-0.99909	0.990998	-0.126996	-0.0423603	
0.309305	-0.0562251	0.868732	-0.130363	-0.991447	-0.00621432	-0.0412602	0.0116874	-0.99908	0.990607	-0.129987	-0.0424309	
0.30867	-0.0574893	0.868918	-0.133403	-0.991035	-0.00729058	-0.0411563	0.0128897	-0.99907	0.990207	-0.132979	-0.0425069	
0.308032	-0.0587527	0.869099	-0.136441	-0.990613	-0.00830417	-0.0410593	0.0140302	-0.999058	0.989797	-0.135971	-0.0425882	
0.307391	-0.0600153	0.869277	-0.139477	-0.990182	-0.0092558	-0.0409697	0.0151097	-0.999046	0.989377	-0.138965	-0.0426749	
0.306748	-0.0612771	0.869451	-0.142512	-0.989741	-0.0101462	-0.0408878	0.0161289	-0.999034	0.988948	-0.141959	-0.0427669	
0.306101	-0.0625381	0.869621	-0.145545	-0.989291	-0.0109762	-0.0408141	0.0170887	-0.999021	0.988509	-0.144955	-0.0428642	
0.305452	-0.0637982	0.869788	-0.148577	-0.988831	-0.0117465	-0.0407491	0.0179901	-0.999007	0.988061	-0.147951	-0.0429669	
0.304801	-0.0650574	0.86995	-0.151607	-0.988362	-0.0124579	-0.0406932	0.0188339	-0.998994	0.987603	-0.150947	-0.043075	
0.304146	-0.0663158	0.870109	-0.154635	-0.987885	-0.0131113	-0.0406468	0.019621	-0.998981	0.987135	-0.153944	-0.0431884	
0.303489	-0.0675732	0.870264	-0.157661	-0.987398	-0.0137075	-0.0406103	0.0203525	-0.998968	0.986658	-0.156942	-0.0433073	
0.30283	-0.0688298	0.870415	-0.160686	-0.986903	-0.0142474	-0.0405841	0.0210293	-0.998955	0.986171	-0.15994	-0.0434317	
0.302167	-0.0700854	0.870562	-0.16371	-0.986399	-0.014732	-0.0405686	0.0216523	-0.998942	0.985674	-0.162939	-0.0435615	
0.301502	-0.0713402	0.870705	-0.166731	-0.985886	-0.0151621	-0.0405641	0.0222228	-0.99893	0.985168	-0.165938	-0.0436968	
0.300834	-0.0725939	0.870844	-0.169751	-0.985364	-0.0155387	-0.040571	0.0227417	-0.998918	0.984651	-0.168937	-0.0438376	
0.300164	-0.0738467	0.870979	-0.172769	-0.984835	-0.0158627	-0.0405896	0.02321	-0.998906	0.984126	-0.171937	-0.043984	
0.299491	-0.0750986	0.871111	-0.175786	-0.984296	-0.0161353	-0.0406202	0.0236289	-0.998895	0.98359	-0.174936	-0.0441359	
0.298815	-0.0763495	0.871238	-0.178801	-0.983749	-0.0163573	-0.0406631	0.0239996	-0.998885	0.983045	-0.177936	-0.0442934	
0.298137	-0.0775993	0.871362	-0.181814	-0.983194	-0.0165298	-0.0407185	0.0243231	-0.998875	0.98249	-0.180936	-0.0444565	
0.297456	-0.0788482	0.871482	-0.184825	-0.98263	-0.0166538	-0.0407869	0.0246007	-0.998865	0.981925	-0.183936	-0.0446252	
0.296773	-0.0800961	0.871597	-0.187835	-0.982058	-0.0167305	-0.0408683	0.0248334	-0.998856	0.98135	-0.186937	-0.0447996	
0.296087	-0.0813429	0.871709	-0.190843	-0.981477	-0.0167609	-0.040963	0.0250225	-0.998847	0.980765	-0.189937	-0.0449797	
0.295398	-0.0825887	0.871817	-0.193849	-0.980888	-0.016746	-0.0410713	0.0251693	-0.998839	0.980171	-0.192936	-0.0451654	
0.294707	-0.0838334	0.87192	-0.196854	-0.980291	-0.0166871	-0.0411934	0.0252748	-0.998831	0.979567	-0.195936	-0.0453569	
0.293775	-0.0850888	0.872678	-0.199906	-0.979675	-0.0165752	-0.0402336	0.0251099	-0.998875	0.978989	-0.199014	-0.0444354	
0.292838	-0.0863433	0.873434	-0.202955	-0.979052	-0.0163316	-0.0393035	0.0248105	-0.998919	0.978399	-0.202094	-0.0435156	
0.291895	-0.0875969	0.874188	-0.206002	-0.978421	-0.0159738	-0.0384007	0.0243943	-0.998965	0.977798	-0.205176	-0.0425973	
0.290947	-0.0888497	0.874939	-0.209049	-0.977782	-0.0155188	-0.0375228	0.023878	-0.99901	0.977185	-0.20826	-0.0416808	
0.289994	-0.0901016	0.875688	-0.212096	-0.977134	-0.0149819	-0.0366674	0.0232771	-0.999056	0.976561	-0.211346	-0.0407659	
0.289035	-0.0913525	0.876435	-0.215143	-0.976477	-0.0143772	-0.0358324	0.0226052	-0.999102	0.975925	-0.214435	-0.0398528	
0.28808	-0.092592	0.87733	-0.21809	-0.975832	-0.0137204	-0.0339328	0.0216325	-0.99919	0.975339	-0.217448	-0.0378306	
0.287126	-0.0938214	0.878347	-0.220954	-0.975197	-0.0130148	-0.03115	0.0203943	-0.999307	0.974787	-0.220395	-0.0348836	
0.286165	-0.0950492	0.879363	-0.223818	-0.974554	-0.0122631	-0.0283869	0.0190954	-0.999415	0.974217	-0.223339	-0.0319384	
0.285199	-0.0962753	0.880376	-0.226685	-0.9739	-0.0114731	-0.0256422	0.0177433	-0.999514	0.97363	-0.226281	-0.0289951	
0.284226	-0.0974998	0.881387	-0.229555	-0.973237	-0.0106492	-0.0229153	0.0163427	-0.999604	0.973026	-0.22922	-0.0260536	
0.283601	-0.0968921	0.882517	-0.228858	-0.973408	-0.0100245	-0.0200125	0.0150003	-0.999687	0.973254	-0.228586	-0.0229133	
0.283116	-0.0956764	0.883663	-0.226342	-0.973992	-0.0104751	-0.0168978	0.0146789	-0.999749	0.973901	-0.226108	-0.0197807	
0.282639	-0.0944024	0.884802	-0.223404	-0.974655	-0.0117336	-0.0136432	0.0151634	-0.999792	0.97463	-0.223198	-0.016685	
0.282155	-0.0931281	0.885939	-0.220457	-0.975311	-0.0129556	-0.0103995	0.0156319	-0.999824	0.975341	-0.220284	-0.0135889	
0.281665	-0.0918535	0.887075	-0.217502	-0.975958	-0.0141364	-0.00716753	0.0160798	-0.999845	0.976034	-0.217366	-0.0104926	
0.281169	-0.0905785	0.888209	-0.214537	-0.976597	-0.0152707	-0.0039482	0.0165017	-0.999856	0.976708	-0.214446	-0.00739603	
0.280666	-0.0893033	0.889341	-0.211564	-0.977227	-0.0163524	-0.000742554	0.0168918	-0.999857	0.977364	-0.211521	-0.00429933	
0.280158	-0.0880279	0.890471	-0.208583	-0.97785	-0.0173746	0.00244833	0.0172432	-0.999848	0.978002	-0.208593	-0.00120253	
0.279643	-0.0867522	0.8916	-0.205594	-0.978466	-0.0183299	0.00562328	0.0175485	-0.99983	0.978621	-0.205662	0.00189431	
0.279121	-0.0854763	0.892727	-0.202599	-0.979073	-0.01921	0.00878112	0.0177997	-0.999803	0.979222	-0.202728	0.00499115	
0.278594	-0.0842003	0.893852	-0.199599	-0.979673	-0.0200063	0.0119206	0.0179879	-0.999767	0.979805	-0.199791	0.00808793	
0.27806	-0.082924	0.894975	-0.196593	-0.980266	-0.0207092	0.0150405	0.0181039	-0.999723	0.98037	-0.19685	0.0111846	
0.27752	-0.0816477	0.896097	-0.193584	-0.980852	-0.0213091	0.0181396	0.0181378	-0.999671	0.980916	-0.193907	0.0142811	
0.276974	-0.0803712	0.897217	-0.190572	-0.981431	-0.0217953	0.0212167	0.0180792	-0.999611	0.981444	-0.19096	0.0173773	
0.276422	-0.0790946	0.898334	-0.187559	-0.982003	-0.0221572	0.0242707	0.0179174	-0.999545	0.981953	-0.188011	0.0204733	
0.275863	-0.0778179	0.89945	-0.184546	-0.982569	-0.0223835	0.0273004	0.017641	-0.999472	0.982445	-0.185059	0.023569	
0.275299	-0.0765412	0.900564	-0.181534	-0.983128	-0.0224627	0.0303049	0.0172385	-0.999392	0.982918	-0.182104	0.0266642	
0.274728	-0.0752644	0.901677	-0.178526	-0.983681	-0.022383	0.0332833	0.016698	-0.999306	0.983372	-0.179147	0.0297591	
0.27415	-0.0739877	0.902787	-0.175523	-0.984227	-0.0221324	0.0362346	0.0160075	-0.999215	0.983808	-0.176187	0.0328534	
0.273567	-0.0727109	0.903895	-0.172527	-0.984766	-0.0216988	0.0391583	0.0151547	-0.999118	0.984226	-0.173224	0.0359472	
0.272977	-0.0714342	0.905002	-0.16954	-0.985298	-0.0210701	0.0420538	0.0141273	-0.999015	0.984626	-0.170259	0.0390403	
0.272381	-0.0701576	0.906106	-0.166565	-0.985823	-0.0202339	0.0449205	0.0129127	-0.998907	0.985007	-0.167292	0.0421329	
0.271779	-0.068881	0.907208	-0.163593	-0.986337	-0.0193966	0.0477941	0.0117144	-0.998789	0.985369	-0.164322	0.0452247	
0.271171	-0.0676045	0.908309	-0.16062	-0.98684	-0.0186639	0.0506913	0.0106368	-0.998658	0.985714	-0.16135	0.0483157	
0.270556	-0.0663282	0.909407	-0.157644	-0.987331	-0.018034	0.0536109	0.00967846	-0.998515	0.98604	-0.158376	0.0514059	
0.269935	-0.065052	0.910504	-0.154664	-0.987812	-0.0175051	0.0565514	0.0088377	-0.998361	0.986347	-0.1554	0.0544953	
0.269308	-0.0637759	0.911598	-0.15168	-0.988282	-0.0170753	0.0595116	0.0081128	-0.998195	0.986636	-0.152422	0.0575837	
0.268675	-0.0625001	0.912691	-0.148691	-0.988742	-0.0167424	0.0624902	0.00750195	-0.998017	0.986907	-0.149442	0.0606712	
0.268036	-0.0612244	0.913781	-0.145696	-0.989192	-0.0165044	0.0654857	0.00700325	-0.997829	0.98716	-0.14646	0.0637576	
0.26739	-0.059949	0.91487	-0.142694	-0.989632	-0.0163591	0.068497	0.00661473	-0.997629	0.987394	-0.143477	0.0668429	
0.266738	-0.0586738	0.915956	-0.139686	-0.990062	-0.0163041	0.0715228	0.00633431	-0.997419	0.987609	-0.140491	0.0699271	
0.26608	-0.057399	0.91704	-0.136669	-0.990482	-0.0163373	0.0745617	0.00615984	-0.997197	0.987807	-0.137504	0.0730101	
0.265416	-0.0561244	0.918122	-0.133644	-0.990893	-0.016456	0.0776125	0.00608909	-0.996965	0.987986	-0.134516	0.0760919	
0.264746	-0.0548501	0.919202	-0.13061	-0.991294	-0.0166579	0.080674	0.00611974	-0.996722	0.988146	-0.131525	0.0791724	
0.264069	-0.0535762	0.92028	-0.127566	-0.991685	-0.0169403	0.083745	0.00624942	-0.996468	0.988288	-0.128534	0.0822515	
0.263386	-0.0523026	0.921356	-0.124512	-0.992067	-0.0173006	0.0868242	0.00647565	-0.996203	0.988412	-0.125541	0.0853292	
0.262698	-0.0510295	0.92243	-0.121447	-0.992439	-0.0177361	0.0899106	0.0067959	-0.995927	0.988517	-0.122547	0.0884055	
0.262002	-0.0497567	0.923501	-0.118371	-0.992802	-0.018244	0.0930028	0.00720755	-0.99564	0.988604	-0.119551	0.0914802	
0.261301	-0.0484844	0.92457	-0.115283	-0.993154	-0.0188215	0.0960999	0.00770794	-0.995342	0.988673	-0.116555	0.0945534	
0.260906	-0.0472107	0.924998	-0.112163	-0.9935	-0.0194197	0.0980697	0.00838015	-0.995144	0.988839	-0.113522	0.0964924	
0.260665	-0.0459367	0.925098	-0.109026	-0.993837	-0.0200411	0.099464	0.0091531	-0.994999	0.98905	-0.110474	0.0978531	
0.260496	-0.0446631	0.925043	-0.105881	-0.994164	-0.0206868	0.100584	0.00998922	-0.994878	0.989279	-0.10742	0.0989392	
0.26036	-0.0433901	0.924913	-0.102733	-0.99448	-0.0213569	0.101571	0.0108705	-0.994769	0.98951	-0.104365	0.0998936	
0.260238	-0.0421179	0.924746	-0.0995826	-0.994785	-0.0220504	0.102492	0.0117879	-0.994664	0.989737	-0.101311	0.100783	
0.260123	-0.040847	0.924545	-0.0964365	-0.995079	-0.0227669	0.103275	0.0127466	-0.994571	0.989967	-0.0982642	0.101537	
0.260001	-0.0395775	0.924342	-0.093294	-0.995361	-0.023505	0.103995	0.0137369	-0.994483	0.990193	-0.0952237	0.102231	
0.259869	-0.0383091	0.924146	-0.0901549	-0.995632	-0.0242633	0.104675	0.0147548	-0.994397	0.990412	-0.0921895	0.102887	
0.259726	-0.0370419	0.923957	-0.0870188	-0.995892	-0.0250405	0.105321	0.0157981	-0.994313	0.990624	-0.0891612	0.103513	
0.259572	-0.0357759	0.923778	-0.0838855	-0.99614	-0.0258352	0.105934	0.0168649	-0.99423	0.990829	-0.0861383	0.104111	
0.259406	-0.034511	0.923607	-0.0807549	-0.996378	-0.0266463	0.106516	0.0179537	-0.994149	0.991026	-0.0831206	0.10468	
0.259231	-0.0332471	0.923444	-0.0776268	-0.996604	-0.0274723	0.107067	0.0190628	-0.994069	0.991217	-0.0801078	0.105224	
0.259044	-0.0319844	0.923288	-0.0745012	-0.996819	-0.0283121	0.107588	0.0201908	-0.993991	0.9914	-0.0770995	0.105741	
0.258848	-0.0307226	0.923141	-0.0713778	-0.997023	-0.0291645	0.108078	0.0213362	-0.993913	0.991577	-0.0740954	0.106233	
0.258642	-0.0294618	0.923	-0.0682566	-0.997216	-0.0300285	0.108538	0.0224976	-0.993838	0.991746	-0.0710952	0.106701	
0.258426	-0.0282021	0.922867	-0.0651374	-0.997398	-0.0309028	0.10897	0.0236737	-0.993763	0.991909	-0.0680986	0.107144	
0.258183	-0.0269432	0.922781	-0.0620164	-0.997568	-0.0317989	0.109472	0.0248693	-0.993679	0.992053	-0.0651055	0.107664	
0.25801	-0.0256871	0.922732	-0.0588969	-0.997728	-0.032721	0.109928	0.0260963	-0.993597	0.992193	-0.0621167	0.108141	
0.258048	-0.0244356	0.922634	-0.0557906	-0.997875	-0.0336464	0.110036	0.0273485	-0.993551	0.992361	-0.0591331	0.108277	
0.25813	-0.0231861	0.922604	-0.0526884	-0.998012	-0.0345763	0.110142	0.0286054	-0.993504	0.992518	-0.0561545	0.108416	
0.258198	-0.0219814	0.922625	-0.0499925	-0.998141	-0.0348483	0.110208	0.0291658	-0.993481	0.99265	-0.0535071	0.108545	
0.258092	-0.0231333	0.922648	-0.0522069	-0.99801	-0.0353584	0.110347	0.0294247	-0.993457	0.992521	-0.055767	0.108591	
0.257903	-0.0243587	0.922696	-0.0551014	-0.997876	-0.0347603	0.110451	0.028508	-0.993473	0.992353	-0.058581	0.108645	
0.257618	-0.0256047	0.922759	-0.0581983	-0.997731	-0.0338469	0.110515	0.027257	-0.993501	0.992169	-0.0615606	0.108678	
0.25721	-0.026849	0.92284	-0.0612998	-0.997575	-0.0329499	0.110557	0.0260226	-0.993529	0.991978	-0.064546	0.108694	
0.256653	-0.0280911	0.922941	-0.0644066	-0.997408	-0.0320759	0.110579	0.0248116	-0.993558	0.991778	-0.0675386	0.108694	
0.256104	-0.0293333	0.922992	-0.0675247	-0.997229	-0.0312173	0.110352	0.0236319	-0.993612	0.991596	-0.0705382	0.108451	
0.255536	-0.0305749	0.923073	-0.0706415	-0.997039	-0.0303807	0.110174	0.0224718	-0.993658	0.991399	-0.0735407	0.10826	
0.254958	-0.0318159	0.923167	-0.0737568	-0.996838	-0.0295708	0.110015	0.0213376	-0.993701	0.991189	-0.0765454	0.108093	
0.254373	-0.0330563	0.923266	-0.0768701	-0.996625	-0.0287932	0.109864	0.020236	-0.993741	0.99097	-0.0795522	0.107938	
0.253783	-0.0342961	0.923368	-0.0799806	-0.996402	-0.0280544	0.109717	0.0191736	-0.993778	0.99074	-0.082561	0.107788	
0.253187	-0.0355353	0.923472	-0.0830876	-0.996167	-0.0273618	0.109572	0.018158	-0.993813	0.9905	-0.0855716	0.107643	
0.252586	-0.0367738	0.923578	-0.0861901	-0.99592	-0.0267232	0.109431	0.017197	-0.993846	0.990251	-0.088584	0.107503	
0.25198	-0.0380116	0.923686	-0.0892874	-0.995663	-0.026147	0.109296	0.0162988	-0.993876	0.989991	-0.0915983	0.107367	
0.251369	-0.0392488	0.923797	-0.0923784	-0.995394	-0.025642	0.109169	0.0154721	-0.993903	0.989721	-0.0946145	0.107237	
0.250751	-0.0404853	0.923911	-0.0954622	-0.995114	-0.0252174	0.109052	0.0147259	-0.993927	0.989442	-0.0976325	0.107113	
0.250128	-0.0417211	0.924029	-0.0985378	-0.994822	-0.0248826	0.108948	0.0140694	-0.993948	0.989151	-0.100652	0.106997	
0.249498	-0.0429562	0.924151	-0.101604	-0.99452	-0.0246474	0.10886	0.0135121	-0.993965	0.988851	-0.103674	0.106891	
0.248862	-0.0441906	0.924279	-0.10466	-0.994206	-0.0245218	0.108792	0.0130637	-0.993979	0.98854	-0.106698	0.106794	
0.248218	-0.0454244	0.924412	-0.107705	-0.993881	-0.0245156	0.108746	0.0127337	-0.993988	0.988218	-0.109723	0.106709	
0.247567	-0.0466574	0.924551	-0.110737	-0.993544	-0.024639	0.108725	0.0125319	-0.993993	0.987885	-0.112751	0.106636	
0.246908	-0.0478897	0.924698	-0.113756	-0.993197	-0.024902	0.108734	0.0124681	-0.993993	0.987541	-0.11578	0.106576	
0.246241	-0.0491212	0.924852	-0.11676	-0.992837	-0.0253147	0.108776	0.0125516	-0.993987	0.987185	-0.118812	0.106531	
0.245565	-0.0503521	0.925014	-0.119749	-0.992467	-0.0258869	0.108854	0.0127921	-0.993975	0.986819	-0.121846	0.106502	
0.244881	-0.0515822	0.925185	-0.122721	-0.992084	-0.0266283	0.108972	0.0131987	-0.993957	0.98644	-0.124881	0.10649	
0.244187	-0.0528115	0.925365	-0.125675	-0.991689	-0.0275484	0.109134	0.0137803	-0.993932	0.98605	-0.127919	0.106495	
0.243485	-0.0540401	0.925555	-0.128611	-0.991281	-0.0286565	0.109343	0.0145458	-0.993898	0.985649	-0.130959	0.106518	
0.242772	-0.0552679	0.925755	-0.131526	-0.99086	-0.0299615	0.109603	0.0155034	-0.993855	0.985235	-0.134002	0.106562	
0.242049	-0.056495	0.925966	-0.134421	-0.990424	-0.031472	0.109918	0.0166612	-0.993801	0.984809	-0.137047	0.106626	
0.241316	-0.0577213	0.926189	-0.137292	-0.989974	-0.0331961	0.110291	0.0180268	-0.993736	0.984371	-0.140094	0.106711	
